{"QPTN": {"arity": {"_ArrayType_": "double","_ArraySize_": [1,3],"_ArrayData_": [3,2,2]},"size": [{"_ArrayType_": "double","_ArraySize_": [1,3],"_ArrayData_": [4,2,2]},{"_ArrayType_": "double","_ArraySize_": [1,2],"_ArrayData_": [4,3]},{"_ArrayType_": "double","_ArraySize_": [1,2],"_ArrayData_": [2,2]}],"edge": {"_ArrayType_": "double","_ArraySize_": [2,4],"_ArrayData_": [1,1,1,2,2,3,1,1]},"stoch": [{"_ArrayType_": "double","_ArraySize_": [1,3],"_ArrayData_": [1,2,3]},{"_ArrayType_": "double","_ArraySize_": [1,1],"_ArrayData_": [2]},{"_ArrayType_": "double","_ArraySize_": [1,1],"_ArrayData_": [2]}]},"nTrials": {"_ArrayType_": "double","_ArraySize_": [1,1],"_ArrayData_": [10]},"nSamples": {"_ArrayType_": "double","_ArraySize_": [1,3],"_ArrayData_": [1000,1000000,1000000000]},"maxIter": {"_ArrayType_": "double","_ArraySize_": [1,1],"_ArrayData_": [100]},"res": {"_ArrayType_": "double","_ArraySize_": [1,1],"_ArrayData_": [3]},"target": ["randSimplex"],"testAlternatingIterationKL": {"_ArrayType_": "logical","_ArraySize_": [1,1],"_ArrayData_": [1]}}
{"KL": 0.006162864153,"sampleKL": 0.006776007426,"targetDistribution": {"_ArrayType_": "double","_ArraySize_": [2,3,2],"_ArrayData_": [0.05002440173,0.06124306294,0.05005775893,0.04698320668,0.09246295559,0.1119089575,0.06970105563,0.09004287163,0.06660896908,0.0680997212,0.1275569072,0.1653101319]},"targetParameters": [{"_ArrayType_": "double","_ArraySize_": [4,2,2],"_ArrayData_": [0.007893408978,0.01327574628,0.0143924783,0.169053767,0.1071915543,0.07294049401,0.00943513344,0.06222946579,0.001663958222,0.02441515329,0.0008279186945,0.03585755184,0.01836527694,0.06801549226,0.3445521701,0.04989043049]},[[0.3086783722,0.01296048255,0.6783611452],[0.3823870671,0.3006949495,0.3169179834],[0.2696938535,0.1602765541,0.5700295925],[0.1937325157,0.3693798932,0.436887591]],[[0.44987769,0.55012231],[0.3991046485,0.6008953515]]],"predictiveDist": {"_ArrayType_": "double","_ArraySize_": [2,3,2],"_ArrayData_": [0.04585965842,0.0654607661,0.06204649555,0.04846085822,0.07855613679,0.09744614167,0.07780284903,0.09905869762,0.06916111541,0.05718357361,0.1386168581,0.1603468495]},"parameterEstimates": [[{"_ArrayType_": "double","_ArraySize_": [4,2,2],"_ArrayData_": [0.1971655763,0.01405719849,0.01250991267,0.01544837757,0.01131293492,0.01280954055,0.1930719078,0.01566766499,0.2039614198,0.01843760226,0.01485045007,0.01717955203,0.02539889203,0.1086933907,0.02371035507,0.1157252247]}],[[[0.329681424,0.01589801519,0.6544205608],[0.3328233968,0.3001872903,0.3669893129],[0.1784804012,0.5336091901,0.2879104087],[0.2987786713,0.3254852901,0.3757360386]]],[[[0.288722859,0.711277141],[0.5041837033,0.4958162967]]]],"parameterKL": [2.209001742,0.001436641863,0.00712333355,0.3714730855,0.03160478738,0.05469135909,0.0225328376],"samples": {"_ArrayType_": "double","_ArraySize_": [2,3,2],"_ArrayData_": [41,71,59,52,79,98,81,95,68,56,133,167]},"deltaKL": [[0.1682371337,0.3995657844,0.006559737454,0.0003257610402,0.0010205553,0.05323248864,5.151667355e-09],[0.2370258618,0.0005324852738,0.00310972305,0.01204149025,0.001144732596,0.0006626198845,0.0004519605966],[0.0204874723,0.002888903012,0.002051195884,0.004667677047,0.001417118151,0.001054221061,0.0002620295083],[0.02556079411,0.000142391708,8.542889075e-05,0.003646455109,0.001087093024,0.0001420649683,1.861511014e-05],[0.009129186628,0.001041749715,0.0002878022932,0.001338954272,0.0001517252171,0.0001260857515,9.060146082e-05],[0.002474841914,0.0007896743663,0.0001651345109,0.0003597600154,2.662904359e-05,3.101133312e-07,7.546536929e-05],[0.002444468489,0.0006242478776,0.0002005512395,0.0001396142738,0.000109585652,3.970211824e-05,6.710533546e-05],[0.001427115327,0.0002227937796,0.000236518102,0.0001410400534,0.0001044569575,5.678801379e-05,2.0766051e-05],[0.0008848130988,0.0001121855498,0.0001738350811,5.831775981e-05,0.0001193105534,3.228349044e-05,6.280633512e-06],[0.01483759135,0.0002591432232,0.0008924624682,5.105113087e-05,0.0001671721075,4.99604111e-05,1.921473771e-05],[0.006030650831,3.251135021e-05,2.304658788e-06,9.352341896e-05,0.0001136220659,9.417040508e-08,3.19427627e-06],[0.0001844512802,0.0001006782649,8.751187512e-05,3.06080907e-05,7.970211575e-05,8.51512536e-07,2.524050164e-07],[0.00394030325,0.000389241703,0.0007683647383,8.638517199e-05,9.349419575e-05,3.298558789e-07,1.588068513e-06],[0.0006237420702,0.0004938601398,0.0008224958032,0.0005527137451,4.284441835e-05,1.437086844e-07,2.09699438e-06],[0.00152203892,0.001119768164,0.001501029035,0.0009993536744,2.267263571e-05,1.55193586e-05,6.467155401e-06],[0.0001064017892,0.000841265002,0.001311993155,0.0007916880886,5.78041436e-05,6.94071024e-06,2.50372805e-06],[0.0002039290866,0.0002490615756,0.0003811294276,0.0003545509465,0.0001123249996,6.190405543e-06,1.334423816e-06],[0.0007953083879,0.0001494402799,0.0001776214311,6.580308097e-05,0.0001913214393,3.610012083e-07,1.483377445e-07],[0.001263654007,3.389215948e-05,0.0001684015715,9.718332348e-05,9.947165515e-05,2.312546883e-06,1.282451764e-06],[6.338517754e-05,2.824904935e-05,0.0001221709922,2.189543977e-05,0.0001012038605,5.191091344e-07,6.368754447e-07],[5.634831202e-05,1.51236098e-05,9.80155974e-05,2.778385069e-06,8.372452334e-05,2.818155444e-07,4.226389567e-08],[0.006407300347,9.763132896e-05,1.40102693e-05,6.716919358e-05,0.0001219065114,5.139605436e-06,6.063686355e-06],[6.230020586e-05,1.527060344e-05,6.516766932e-05,9.238535008e-07,3.771761211e-05,2.46600279e-06,1.302476647e-07],[3.429551539e-05,7.386588607e-07,4.523992773e-05,2.118754019e-07,2.113160421e-05,2.896394601e-08,2.433135114e-11],[0.004233684026,4.001513355e-05,7.633493418e-05,4.028501861e-05,6.971858492e-07,5.987389523e-06,4.119927074e-06],[0.003612154439,1.579166944e-05,2.537379025e-06,2.841216275e-05,2.433541358e-05,6.393964701e-07,1.430895702e-06],[0.000182550363,4.078445605e-06,1.279565623e-05,7.623318027e-08,4.672086416e-06,6.206058053e-07,5.946288899e-08],[0.00340423536,2.59260808e-05,2.899217011e-05,2.843845012e-05,1.79734473e-06,4.323217762e-06,3.323963556e-06],[0.0001500286945,1.083699611e-06,2.914283125e-06,2.849593566e-07,2.851125475e-06,6.733733892e-07,5.891158913e-08],[0.001424160587,2.175660793e-05,4.887288269e-07,1.207570523e-05,5.318756049e-06,9.442620339e-07,1.256739891e-06],[0.002288744687,1.058350959e-05,1.258058539e-05,1.801748234e-05,2.246165693e-06,1.300391426e-06,1.382995476e-06],[2.197199082e-05,8.798555908e-07,1.08519569e-06,2.50879679e-07,1.010159962e-07,6.302976896e-07,1.245794867e-07],[5.552099553e-05,1.504685112e-07,2.283949078e-06,1.237266612e-06,1.272550043e-07,1.261409485e-07,1.314661652e-07],[0.006707812763,6.747636669e-05,2.710196385e-05,6.2705373e-05,1.33888038e-05,7.534432271e-06,5.996011613e-06],[0.004487909158,2.009056599e-05,2.454723087e-05,2.606839198e-05,5.148803389e-06,1.243947674e-06,1.649385954e-06],[2.398484094e-05,8.474241035e-06,5.567742922e-07,3.772158534e-07,7.98685269e-08,1.850405018e-07,2.336065683e-07],[0.006154428433,4.130368773e-05,3.086904402e-05,6.14129306e-05,1.180724419e-05,3.119700474e-06,5.822427555e-06],[8.039563251e-05,4.92832418e-06,4.272657804e-06,4.257481017e-07,1.228063912e-07,2.584129615e-06,1.622568853e-07],[0.002118286863,2.255291662e-05,1.410399214e-05,1.854565997e-05,3.960465007e-06,1.202707071e-06,1.298612288e-06],[0.0001922858423,6.420779021e-07,7.126076394e-07,6.099814343e-07,2.233201244e-07,3.50135493e-07,2.202265652e-10],[0.001784856463,1.512888948e-05,5.402409461e-06,2.129170867e-05,4.503716691e-06,1.527290262e-06,2.068692424e-06],[3.177207385e-05,2.231177795e-06,1.862693293e-06,2.691471271e-06,5.970588171e-07,1.330094979e-06,3.372565974e-07],[1.27682664e-05,3.22945596e-07,3.236466626e-06,3.727156822e-08,4.978502298e-08,1.521854144e-07,3.019644759e-08],[2.643198751e-05,3.209059953e-07,1.709783711e-06,5.989306241e-07,5.811102378e-08,6.884717982e-08,4.628207275e-08],[0.0001226110538,2.637071353e-06,2.268429063e-06,1.146650897e-06,3.631961554e-07,1.37540798e-12,1.187508132e-07],[0.0001129891259,1.347015991e-06,5.837046553e-07,1.740039629e-06,4.311536424e-07,8.091879422e-09,7.442498992e-08],[1.069274535e-05,3.504960051e-08,2.003844642e-08,1.026486342e-07,1.965939727e-08,4.533462411e-08,4.453260695e-10],[0.005701603052,4.460873939e-05,2.803537722e-05,5.968145855e-05,1.209498313e-05,6.422909333e-06,6.395987169e-06],[0.0003837230677,9.839827931e-06,4.373172937e-06,1.145165374e-05,2.061972063e-06,5.232175924e-06,1.413656678e-06],[0.007265034604,6.050542184e-05,3.680485118e-05,5.660932148e-05,1.402676708e-05,4.027432099e-06,5.076718697e-06],[3.532375298e-05,1.186555712e-05,3.537823783e-07,2.426515667e-06,4.310037061e-07,2.156456064e-06,7.170258402e-07],[0.008142609432,6.09300123e-05,3.672303529e-05,6.586244704e-05,1.289855087e-05,5.541415602e-06,6.80040447e-06],[0.001763335516,4.711050646e-06,1.463213245e-05,5.57615363e-06,7.356050021e-07,2.912913262e-08,1.522674341e-07],[0.001000283798,1.320696349e-05,5.510867041e-06,1.078436643e-05,2.121406512e-06,1.979259609e-06,1.1966199e-06],[0.0002094539291,6.293936621e-06,1.765728268e-06,6.024611424e-06,1.254186936e-06,8.653463068e-07,8.585054224e-07],[5.138541365e-05,3.87986744e-07,2.604595845e-06,5.168831965e-08,6.938190635e-09,9.049724785e-08,3.40821021e-08],[2.18088141e-05,3.680776037e-07,1.164837796e-06,2.639181113e-07,3.553053171e-08,2.221787055e-07,1.144417133e-08],[1.572196822e-05,6.295456872e-08,1.409490922e-06,1.253891225e-07,6.888391206e-09,4.848084003e-10,2.566494447e-08],[3.343117466e-05,1.004778289e-08,1.181688254e-06,4.738701312e-07,2.617216463e-07,2.053986801e-07,2.955770002e-08],[0.008123019198,7.887868064e-05,4.267906404e-05,7.756103678e-05,1.410617784e-05,8.858038629e-06,7.660559433e-06],[0.00166871738,5.19262862e-06,1.364193872e-05,3.46402863e-06,5.964554692e-07,2.029719172e-08,7.178210428e-08],[0.002144149928,2.643545371e-05,1.450744898e-05,2.78136287e-05,6.477462015e-06,1.310578515e-06,3.345760206e-06],[0.008071900455,3.576648676e-05,3.975063834e-05,6.410145593e-05,1.244962587e-05,2.338814582e-06,5.225486802e-06],[0.007482988925,3.914331961e-05,3.580508536e-05,5.796732071e-05,1.359027275e-05,1.727166374e-06,4.395850506e-06],[0.004490831118,1.695940139e-05,1.906792667e-05,3.097714262e-05,7.36374587e-06,6.860829094e-07,2.239196844e-06],[9.601585222e-05,5.414216132e-07,9.589871577e-07,7.167019553e-07,2.528084551e-07,7.25184192e-08,1.462064094e-07],[0.002998789774,1.401879026e-05,1.467045183e-05,3.196079488e-05,6.921032265e-06,1.02082923e-06,3.099098267e-06],[0.00468301793,3.151207192e-05,2.069347526e-05,3.059297403e-05,7.206764899e-06,1.464244409e-06,2.534636979e-06],[0.0004529975205,4.601606024e-06,4.368257323e-06,1.018415315e-06,9.973225554e-08,2.42214299e-10,5.669677861e-10],[0.002268442127,1.923396612e-05,1.078052024e-05,2.643191424e-05,5.722347468e-06,1.406063334e-06,2.950996558e-06],[3.341946204e-05,9.620573067e-06,7.80802629e-06,2.559448294e-06,3.893114454e-07,1.229749937e-06,3.64018014e-07],[6.593237764e-05,2.044569696e-06,3.331961444e-07,1.397837806e-06,4.893874434e-07,8.242019347e-07,1.717071807e-07],[0.005696493453,6.327686488e-05,2.968351142e-05,5.244972865e-05,1.115369733e-05,4.78628648e-06,5.765903518e-06],[0.004812729398,2.499097553e-05,2.119476307e-05,3.240871532e-05,7.675236458e-06,8.515353793e-07,2.412054034e-06],[0.004827835865,2.326309108e-05,1.930675318e-05,3.894467103e-05,8.366849339e-06,1.632425131e-06,2.910564248e-06],[0.0001927295941,4.330530793e-06,1.996343249e-06,5.348586147e-06,1.098640504e-06,2.311998936e-06,7.535567885e-07],[0.005578057517,4.638483027e-05,2.352239114e-05,4.889063016e-05,1.197283218e-05,2.706769839e-06,4.417875393e-06],[0.006511058064,2.98288003e-05,2.788936335e-05,4.233969919e-05,8.619836808e-06,1.605940304e-06,3.187244075e-06],[0.005066046813,1.521099809e-05,2.890796139e-05,3.930406493e-05,9.339228474e-06,1.315883344e-06,3.093140783e-06],[0.005984440848,9.702164322e-06,2.912383001e-05,4.640615745e-05,1.036369935e-05,8.525354735e-07,3.948023429e-06],[0.0001147921955,1.738933444e-06,2.655525593e-06,9.841521427e-09,1.389657638e-07,1.509171366e-06,6.444411943e-08],[0.005299130429,4.670009672e-05,2.319995581e-05,5.306357215e-05,1.222662265e-05,4.127333792e-06,5.4481858e-06],[1.94393004e-05,4.899826918e-06,2.323377379e-06,2.201899475e-06,3.894221582e-07,3.41278859e-06,3.417159222e-07],[1.039686111e-05,1.921055454e-07,3.208134374e-06,3.212244021e-07,7.765969505e-09,1.63894857e-07,5.432103554e-08],[6.145194351e-05,1.045001665e-06,2.698156766e-06,1.836899451e-07,2.139782945e-07,4.975218758e-08,7.058921557e-08],[0.001175262009,1.634997246e-05,4.973567861e-06,1.518039848e-05,3.677178372e-06,1.872679923e-06,1.387604968e-06],[0.001998382921,8.786021179e-06,7.794940247e-06,1.653398758e-05,3.972191646e-06,2.144605868e-07,1.627167754e-06],[7.336063428e-05,3.11438443e-07,1.330512359e-06,3.734835869e-07,1.405029046e-07,9.475042917e-07,9.766147169e-09],[0.007555722072,6.429160496e-05,4.217368594e-05,7.525136595e-05,1.394319675e-05,7.901173469e-06,6.941732253e-06],[0.0001106139211,4.322002247e-06,7.783049706e-06,6.183659676e-07,2.065452752e-07,3.110881076e-06,1.652243625e-07],[0.00626191344,8.08191349e-05,2.801945593e-05,5.526169066e-05,1.313234632e-05,5.055075138e-06,5.712791447e-06],[6.033690296e-05,5.55233518e-06,1.326089461e-06,3.359028352e-06,4.578438835e-07,2.613465236e-06,4.521560922e-07],[0.001058286531,1.062988847e-05,6.236777979e-06,1.115579428e-05,3.050236661e-06,1.018758167e-07,7.85473875e-07],[0.0001108642141,3.07095367e-07,4.239409478e-07,1.512337669e-07,3.175268817e-08,1.405044511e-07,1.122246645e-11],[0.0007969445715,1.321594895e-05,5.015186452e-06,1.029511107e-05,2.120766376e-06,8.227475654e-07,9.777064234e-07],[0.002745682231,4.300479723e-05,1.274310212e-05,1.908513406e-05,4.113955129e-06,1.584556937e-06,2.010985511e-06],[0.001396391191,1.499650809e-05,7.537657718e-06,1.989399004e-05,3.783789173e-06,3.582583526e-06,2.29209846e-06],[0.0002876929894,7.540750397e-07,8.0907159e-06,2.516094631e-07,6.021259342e-08,8.309697134e-07,3.553762592e-08],[0.0001839203363,7.570708265e-06,5.067828386e-06,7.34890264e-07,1.166688895e-07,3.672748476e-07,6.835088281e-08],[0.003168103769,5.812740779e-05,1.016786957e-05,3.451219504e-05,8.29917956e-06,4.659414859e-06,3.485739283e-06]],"thetaHist": [[[{"_ArrayType_": "double","_ArraySize_": [4,2,2],"_ArrayData_": [0.06086764018,0.06386749395,0.06120844314,0.06276395339,0.06328770186,0.06143604262,0.06364789306,0.06190210548,0.06254568315,0.0625923329,0.0621277471,0.06160445971,0.06167850054,0.06399128507,0.06297404511,0.06350467274]}],[[[0.326167141,0.3339440176,0.3398888414],[0.3305762665,0.3483683072,0.3210554263],[0.3281600666,0.3358848819,0.3359550515],[0.3347402824,0.327902535,0.3373571826]]],[[[0.4907605454,0.5092394546],[0.4949517005,0.5050482995]]]],[[{"_ArrayType_": "double","_ArraySize_": [4,2,2],"_ArrayData_": [0.1123741107,0.01990949519,0.06631890263,0.07681417705,0.07373985736,0.01794511734,0.04648160116,0.05036683868,0.1038552528,0.02186702939,0.05918965577,0.1168590687,0.07455404037,0.02139237996,0.04941432507,0.08891814777]}],[[[0.196908995,0.07622833127,0.7268626738],[0.3836869088,0.3091089942,0.307204097],[0.3241459986,0.3478025387,0.3280514627],[0.33906862,0.3078681295,0.3530632505]]],[[[0.3325249059,0.6674750941],[0.4950024506,0.5049975494]]]],[[{"_ArrayType_": "double","_ArraySize_": [4,2,2],"_ArrayData_": [0.1261416442,0.02803823873,0.07008074182,0.0543878111,0.02379171627,0.02213983425,0.09389749591,0.04684727814,0.1908624021,0.03566979828,0.02289131155,0.0327013469,0.03481803109,0.1052604464,0.04643414275,0.06603776051]}],[[[0.1948926799,0.06821292308,0.7368943971],[0.4187938374,0.3038355867,0.2773705759],[0.2607961158,0.4094959994,0.3297078848],[0.3585389892,0.2889565534,0.3525044574]]],[[[0.3155276679,0.6844723321],[0.5100339554,0.4899660446]]]],[[{"_ArrayType_": "double","_ArraySize_": [4,2,2],"_ArrayData_": [0.130451403,0.03176665559,0.05561196532,0.04664700625,0.02465539004,0.02486627226,0.120267707,0.03049895489,0.1766824893,0.03517666964,0.01876119265,0.0423227152,0.04393417707,0.1025443759,0.02850714877,0.08730587706]}],[[[0.1958664533,0.0507622122,0.7533713345],[0.4394913348,0.3107914578,0.2497172074],[0.2278276935,0.4534487666,0.31872354],[0.3753219988,0.2658133214,0.3588646798]]],[[[0.2944580858,0.7055419142],[0.5214728141,0.4785271859]]]],[[{"_ArrayType_": "double","_ArraySize_": [4,2,2],"_ArrayData_": [0.1550334111,0.03213572864,0.03175505392,0.04314026554,0.01918567771,0.01989937273,0.1467769225,0.02047556341,0.1923348065,0.02618992304,0.01594802119,0.03600483187,0.02492967579,0.1116768634,0.02504609176,0.09946779087]}],[[[0.2017048391,0.04858318588,0.749711975],[0.439697289,0.3155303618,0.2447723492],[0.2258204894,0.4911024427,0.2830770679],[0.3731569239,0.248657513,0.378185563]]],[[[0.286814498,0.713185502],[0.5245202668,0.4754797332]]]],[[{"_ArrayType_": "double","_ArraySize_": [4,2,2],"_ArrayData_": [0.1698423517,0.02629788286,0.01926816962,0.03467690279,0.01680250625,0.01517858535,0.1713767057,0.01894180789,0.1905059317,0.0228141228,0.01568973315,0.03262150267,0.02692178911,0.1186345289,0.0246924592,0.09573502038]}],[[[0.2136305356,0.04084441383,0.7455250506],[0.4278769622,0.3231240969,0.248998941],[0.2349283889,0.5048119578,0.2602596533],[0.3661755206,0.2476365197,0.3861879598]]],[[[0.27966867,0.72033133],[0.5177951256,0.4822048744]]]],[[{"_ArrayType_": "double","_ArraySize_": [4,2,2],"_ArrayData_": [0.1707521252,0.02135316301,0.02262803162,0.03056069412,0.0201474109,0.01624615405,0.1690729785,0.01938497312,0.1877689367,0.02110936075,0.01590991534,0.027801051,0.03244169025,0.1205098655,0.02572301653,0.09859063339]}],[[[0.2199835904,0.03375760272,0.7462588069],[0.4198304257,0.3307293656,0.2494402087],[0.2394427133,0.5119175869,0.2486396998],[0.3636318359,0.2505947824,0.3857733816]]],[[[0.2793152824,0.7206847176],[0.5116547646,0.4883452354]]]],[[{"_ArrayType_": "double","_ArraySize_": [4,2,2],"_ArrayData_": [0.1783117339,0.01856075182,0.0186084504,0.02543603712,0.01708966182,0.01601363721,0.1776611367,0.01788007431,0.1920518084,0.01930652383,0.01564515931,0.02439052257,0.03027885835,0.1273422743,0.02485264634,0.09657072361]}],[[[0.2245891221,0.02790111275,0.7475097652],[0.409996558,0.3357568134,0.2542466286],[0.2440321102,0.5140256889,0.2419422009],[0.3624807007,0.2567672945,0.3807520048]]],[[[0.2833248848,0.7166751152],[0.5058630235,0.4941369765]]]],[[{"_ArrayType_": "double","_ArraySize_": [4,2,2],"_ArrayData_": [0.1857761296,0.01666540273,0.01783494051,0.02062937945,0.01605380602,0.01485639398,0.1835311296,0.01603751798,0.1953814921,0.01835019134,0.01515605162,0.02215254195,0.02743600593,0.1297706941,0.02376371796,0.09660460512]}],[[[0.2293973898,0.02493530869,0.7456673015],[0.4000568913,0.3383524802,0.2615906285],[0.248753025,0.5159311284,0.2353158466],[0.3614970326,0.2627880668,0.3757149006]]],[[[0.2881434411,0.7118565589],[0.5026408459,0.4973591541]]]],[[{"_ArrayType_": "double","_ArraySize_": [4,2,2],"_ArrayData_": [0.1907402179,0.01500845211,0.01642804196,0.01786344813,0.01451772721,0.01394683343,0.1880862257,0.01435969036,0.1988118824,0.01780684457,0.01478215808,0.02222844087,0.02558326036,0.1330834007,0.0225871211,0.09416625521]}],[[[0.2329470879,0.0229516342,0.7441012779],[0.3918243682,0.3398789484,0.2682966833],[0.2518153927,0.5170900348,0.2310945724],[0.3623715077,0.2684653392,0.3691631531]]],[[[0.2917917066,0.7082082934],[0.5008687602,0.4991312398]]]],[[{"_ArrayType_": "double","_ArraySize_": [4,2,2],"_ArrayData_": [0.2087786001,0.01090510909,0.01010624497,0.01104766048,0.007319455331,0.008936113614,0.2084475475,0.008805521474,0.2081529879,0.01574673791,0.01440435275,0.0164625097,0.01705808423,0.1379009467,0.01931891303,0.09660921519]}],[[[0.2426599181,0.02272445314,0.7346156287],[0.3733761668,0.3428245812,0.283799252],[0.2562140309,0.5138770217,0.2299089474],[0.3631546676,0.2753234951,0.3615218373]]],[[[0.2963495424,0.7036504576],[0.4977691968,0.5022308032]]]],[[{"_ArrayType_": "double","_ArraySize_": [4,2,2],"_ArrayData_": [0.1987032856,0.01295211429,0.01482282157,0.0144578983,0.0117231809,0.01262678201,0.1950080943,0.01205244438,0.20445388,0.01734306846,0.0146417282,0.01894500135,0.02214160026,0.1255339453,0.02157111405,0.1030230411]}],[[[0.2440273351,0.02160272045,0.7343699445],[0.3726200076,0.3438185751,0.2835614173],[0.2503974785,0.5167789198,0.2328236017],[0.3660879411,0.2794896085,0.3544224504]]],[[[0.2965477448,0.7034522552],[0.499032971,0.500967029]]]],[[{"_ArrayType_": "double","_ArraySize_": [4,2,2],"_ArrayData_": [0.200040776,0.01278747171,0.01425776222,0.01411554303,0.01140673137,0.01208799809,0.1964326662,0.01165244857,0.2056242313,0.01720233847,0.01458361513,0.01845509626,0.02136344309,0.1221375206,0.02122691352,0.1066254444]}],[[[0.2483967484,0.02007778204,0.7315254696],[0.3668486646,0.3447323053,0.2884190301],[0.247208824,0.5179320276,0.2348591484],[0.3656933916,0.2846529962,0.3496536123]]],[[[0.2959519363,0.7040480637],[0.4993882205,0.5006117795]]]],[[{"_ArrayType_": "double","_ArraySize_": [4,2,2],"_ArrayData_": [0.2085144089,0.01053650789,0.0103639245,0.01110114289,0.008166434003,0.009043906469,0.2083416968,0.008495606317,0.2088347235,0.0160719928,0.01441156567,0.0163194039,0.01815119699,0.1224298129,0.01935409005,0.1098635864]}],[[[0.26007838,0.01869884243,0.7212227776],[0.3503888883,0.3460268657,0.303584246],[0.2433376225,0.5167155471,0.2399468305],[0.3628477328,0.2908405692,0.346311698]]],[[[0.2963227826,0.7036772174],[0.4984971372,0.5015028628]]]],[[{"_ArrayType_": "double","_ArraySize_": [4,2,2],"_ArrayData_": [0.2060567989,0.01103919593,0.0116702565,0.01164571245,0.008895155361,0.0107279481,0.2033012245,0.01005047117,0.2100986273,0.01612555542,0.0141839199,0.01646085212,0.01859588519,0.1180481892,0.01995153117,0.1131486768]}],[[[0.273660206,0.0174356599,0.7089041341],[0.3337394383,0.3465537887,0.319706773],[0.2302497283,0.5205678504,0.2491824214],[0.3610880327,0.2950353178,0.3438766495]]],[[[0.2960780135,0.7039219865],[0.4995210972,0.5004789028]]]],[[{"_ArrayType_": "double","_ArraySize_": [4,2,2],"_ArrayData_": [0.2018370275,0.0125949709,0.01335347797,0.0130925129,0.01077755277,0.01298817172,0.1975126123,0.0110972523,0.2058893219,0.0173797886,0.01439526898,0.01757703004,0.02276725658,0.1133844347,0.02106187278,0.114291448]}],[[[0.2916108872,0.01393779222,0.6944513205],[0.3118147233,0.3461164028,0.3420688739],[0.2124153509,0.5277393598,0.2598452893],[0.3588305972,0.2980051522,0.3431642506]]],[[[0.2935388362,0.7064611638],[0.5013193099,0.4986806901]]]],[[{"_ArrayType_": "double","_ArraySize_": [4,2,2],"_ArrayData_": [0.2007124318,0.01323394588,0.01318653654,0.01325368618,0.01086079175,0.0140537881,0.1957944273,0.0114405493,0.2064003604,0.01739149024,0.01464907005,0.01721587229,0.02266754562,0.1119197053,0.02161777136,0.1156020279]}],[[[0.308797003,0.01176554628,0.6794374507],[0.2930354471,0.3424853351,0.3644792178],[0.1970559009,0.5333490076,0.2695950915],[0.3540824433,0.3018824336,0.3440351231]]],[[[0.2918440958,0.7081559042],[0.5024381675,0.4975618325]]]],[[{"_ArrayType_": "double","_ArraySize_": [4,2,2],"_ArrayData_": [0.1989208625,0.01411291483,0.01298624557,0.01379730201,0.0113079227,0.01552931037,0.1937712375,0.0119113844,0.2054396123,0.0177075503,0.0147237203,0.0171766492,0.02393460121,0.1106983587,0.02220704095,0.1157752871]}],[[[0.3191656555,0.0116609832,0.6691733613],[0.2871114111,0.3350583114,0.3778302775],[0.187205023,0.5360587829,0.2767361942],[0.3472208404,0.3067878952,0.3459912644]]],[[[0.2902462071,0.7097537929],[0.5032549833,0.4967450167]]]],[[{"_ArrayType_": "double","_ArraySize_": [4,2,2],"_ArrayData_": [0.2024447936,0.01286414901,0.01110487064,0.01261768237,0.0101644377,0.01395803798,0.1997821682,0.01005613453,0.2065863511,0.01751005421,0.01458042198,0.01633183892,0.02230192522,0.1120146789,0.02161551817,0.1160669375]}],[[[0.3258811735,0.01259716753,0.661521659],[0.2878491672,0.3268149674,0.3853358654],[0.1835879459,0.5355687811,0.280843273],[0.3380681818,0.312376977,0.3495548412]]],[[[0.2898606465,0.7101393535],[0.5029826488,0.4970173512]]]],[[{"_ArrayType_": "double","_ArraySize_": [4,2,2],"_ArrayData_": [0.1975685019,0.01494169707,0.01250573401,0.01394291429,0.0112125847,0.01638278726,0.1929524267,0.01259431937,0.2048153891,0.01755041238,0.01462018351,0.017236841,0.02510505953,0.1111260136,0.02324370023,0.1142014353]}],[[[0.3284363333,0.01324573665,0.65831793],[0.2944622162,0.3191189843,0.3864187994],[0.1787523878,0.5361396517,0.2851079605],[0.3314693767,0.3162121479,0.3523184754]]],[[[0.2888855721,0.7111144279],[0.5037833947,0.4962166053]]]],[[{"_ArrayType_": "double","_ArraySize_": [4,2,2],"_ArrayData_": [0.1972161188,0.01545251235,0.01273960086,0.01417468744,0.01148934672,0.01592706037,0.1926805223,0.0130032425,0.2045675271,0.0184529661,0.01470352505,0.01673784007,0.02489147039,0.1113606719,0.02312330952,0.1134795986]}],[[[0.3302093578,0.01396321962,0.6558274226],[0.3007187016,0.3131502852,0.3861310132],[0.17666444,0.5358881103,0.2874474497],[0.3247955095,0.319425843,0.3557786475]]],[[[0.2884238938,0.7115761062],[0.5043476781,0.4956523219]]]],[[{"_ArrayType_": "double","_ArraySize_": [4,2,2],"_ArrayData_": [0.1976935418,0.01498250292,0.0123834983,0.01411150878,0.0112093106,0.01490747166,0.1935463079,0.01302001851,0.2046280282,0.01858286702,0.0149714823,0.01670301113,0.02479593289,0.1117163786,0.02313566618,0.1136124732]}],[[[0.3312924759,0.01453171421,0.6541758099],[0.3065841275,0.308133978,0.3852818945],[0.1760541263,0.5355363963,0.2884094774],[0.3187877424,0.321713801,0.3594984566]]],[[[0.28808386,0.71191614],[0.5044930406,0.4955069594]]]],[[{"_ArrayType_": "double","_ArraySize_": [4,2,2],"_ArrayData_": [0.2085903979,0.01064435693,0.009181663175,0.01022580439,0.008153297375,0.009614026182,0.2080372274,0.00901729828,0.208909813,0.01667779449,0.01459617371,0.01509035149,0.01934724161,0.1132143666,0.02107961972,0.1176205678]}],[[[0.3332125962,0.01613624886,0.6506511549],[0.3082246359,0.3057863672,0.3859889969],[0.1804811024,0.5330852393,0.2864336583],[0.3116184975,0.3241503132,0.3642311893]]],[[[0.2895372659,0.7104627341],[0.502751861,0.497248139]]]],[[{"_ArrayType_": "double","_ArraySize_": [4,2,2],"_ArrayData_": [0.2080229429,0.01090528366,0.009571491013,0.01051718094,0.008429410196,0.009783825581,0.2068347428,0.00923923546,0.2086555869,0.01690200908,0.01443580571,0.01519842298,0.02028844671,0.1122383283,0.02152212659,0.1174551612]}],[[[0.3327966456,0.01684077693,0.6503625775],[0.3134311615,0.3043030358,0.3822658028],[0.1810011969,0.5326835113,0.2863152918],[0.3077079883,0.3251781006,0.367113911]]],[[[0.2905452007,0.7094547993],[0.5024966707,0.4975033293]]]],[[{"_ArrayType_": "double","_ArraySize_": [4,2,2],"_ArrayData_": [0.2072035738,0.01090928078,0.009687519837,0.01080922023,0.008586647795,0.009966392106,0.2060767937,0.009859179688,0.2091807294,0.01670615273,0.01444257267,0.0152617834,0.02004819134,0.1121330389,0.02159219885,0.1175367248]}],[[[0.3323150525,0.01693736894,0.6507475786],[0.3176234461,0.3036859884,0.3786905654],[0.1812361492,0.5324326801,0.2863311707],[0.3048245686,0.3257986653,0.3693767661]]],[[[0.2906544818,0.7093455182],[0.5024931828,0.4975068172]]]],[[{"_ArrayType_": "double","_ArraySize_": [4,2,2],"_ArrayData_": [0.198318813,0.01403306755,0.01247207805,0.01435229098,0.01121711146,0.01345290265,0.1943222686,0.01393108279,0.2043916621,0.01831452978,0.01482691689,0.01688000563,0.02549891718,0.1096763998,0.02367218152,0.1146397721]}],[[[0.3308969385,0.01591119534,0.6531918661],[0.3233043657,0.3020404317,0.3746552026],[0.1778445231,0.5339828922,0.2881725847],[0.3047855092,0.3253269372,0.3698875536]]],[[[0.289084886,0.710915114],[0.5039284056,0.4960715944]]]],[[{"_ArrayType_": "double","_ArraySize_": [4,2,2],"_ArrayData_": [0.2059207383,0.01121797755,0.0099477539,0.01146062903,0.009105518683,0.01025904335,0.2048691596,0.01000612618,0.2083569879,0.01705654834,0.01469277888,0.01564645473,0.02034371932,0.110987137,0.02190148481,0.1182279425]}],[[[0.3319979251,0.01652915656,0.6514729183],[0.3231560121,0.3011945947,0.3756493932],[0.1806602879,0.5329058041,0.2864339081],[0.3016652749,0.3261203626,0.3722143625]]],[[[0.2895977165,0.7104022835],[0.5030825833,0.4969174167]]]],[[{"_ArrayType_": "double","_ArraySize_": [4,2,2],"_ArrayData_": [0.2057164835,0.01099404114,0.0104765805,0.01153074809,0.009029971807,0.01013873362,0.2032973003,0.01172215782,0.2091996891,0.01642366115,0.01465575083,0.01539189653,0.01981784845,0.1109152189,0.02233251694,0.1183574013]}],[[[0.3316373558,0.01689000788,0.6514726364],[0.3255039047,0.3004235478,0.3740725475],[0.1807662335,0.5329563789,0.2862773877],[0.3004006566,0.3261599382,0.3734394052]]],[[[0.2901032177,0.7098967823],[0.5029101583,0.4970898417]]]],[[{"_ArrayType_": "double","_ArraySize_": [4,2,2],"_ArrayData_": [0.1978012798,0.01383203377,0.01280473793,0.01478211616,0.01140571794,0.01328390401,0.1934500966,0.01475526188,0.2040390515,0.018419441,0.01497472716,0.01713817309,0.02552954739,0.1084663901,0.02372334654,0.1155941752]}],[[[0.3304020254,0.01607351771,0.6535244569],[0.3288966819,0.2998857244,0.3712175937],[0.1779596115,0.5340011469,0.2880392416],[0.3012677712,0.3256954112,0.3730368176]]],[[[0.2887700105,0.7112299895],[0.5041993001,0.4958006999]]]],[[{"_ArrayType_": "double","_ArraySize_": [4,2,2],"_ArrayData_": [0.1987801119,0.01353407656,0.01204402963,0.01424462413,0.01119050022,0.01239211963,0.1955093336,0.01386881423,0.2045175356,0.01839977864,0.01503345703,0.01751225183,0.02440352461,0.109609227,0.02338027797,0.1155803374]}],[[[0.3306378147,0.01589514763,0.6534670376],[0.3294490815,0.2987808825,0.371770036],[0.1781349252,0.5341466846,0.2877183902],[0.3003135462,0.3256512164,0.3740352374]]],[[[0.2882442751,0.7117557249],[0.5043709207,0.4956290793]]]],[[{"_ArrayType_": "double","_ArraySize_": [4,2,2],"_ArrayData_": [0.2038754887,0.01180696141,0.01072606542,0.01243694884,0.009624443334,0.01100764758,0.2019216408,0.01134577645,0.2075648035,0.0169017857,0.01482399914,0.01591345062,0.02115349749,0.1093321822,0.02259232639,0.1189729825]}],[[[0.3314310152,0.01668275538,0.6518862294],[0.3290199945,0.2988177172,0.3721622883],[0.1800201882,0.5329587578,0.2870210539],[0.2988205191,0.3263069518,0.3748725291]]],[[[0.2888669952,0.7111330048],[0.5035782462,0.4964217538]]]],[[{"_ArrayType_": "double","_ArraySize_": [4,2,2],"_ArrayData_": [0.1975324331,0.01402488474,0.01270617123,0.01489175729,0.01128331345,0.01352971446,0.1933167387,0.01489872168,0.2037621466,0.01825288629,0.0149569439,0.01721393837,0.02547981926,0.1083533541,0.02371524701,0.1160819298]}],[[[0.3302512368,0.01622409,0.6535246732],[0.3312108668,0.2985978054,0.3701913278],[0.1778203167,0.5336332185,0.2885464648],[0.2997874412,0.3259357813,0.3742767775]]],[[[0.2881364306,0.7118635694],[0.5044097812,0.4955902188]]]],[[{"_ArrayType_": "double","_ArraySize_": [4,2,2],"_ArrayData_": [0.1975476131,0.01392070074,0.01267486472,0.01512849288,0.01141419133,0.01299922723,0.193625886,0.0146251133,0.203763027,0.01816559251,0.01489008162,0.01732103084,0.02532101768,0.107867359,0.02391443289,0.1168213692]}],[[[0.3304327585,0.01606055873,0.6535066828],[0.3317222529,0.2979652371,0.3703125101],[0.1775511005,0.5338404228,0.2886084768],[0.2996674849,0.3258391051,0.37449341]]],[[[0.2876281154,0.7123718846],[0.5046593499,0.4953406501]]]],[[{"_ArrayType_": "double","_ArraySize_": [4,2,2],"_ArrayData_": [0.1966015962,0.0140877596,0.01298660609,0.01528891896,0.01166551291,0.01342964824,0.1922321528,0.01521741597,0.2034912955,0.01850303364,0.01522225122,0.01742270854,0.02574696718,0.1065516686,0.02405367175,0.1174987927]}],[[[0.3303958173,0.01599355963,0.6536106231],[0.3324725015,0.2970523996,0.370475099],[0.1769507587,0.534210497,0.2888387443],[0.2998986222,0.3257296385,0.3743717393]]],[[[0.2874007921,0.7125992079],[0.5049157225,0.4950842775]]]],[[{"_ArrayType_": "double","_ArraySize_": [4,2,2],"_ArrayData_": [0.2075946707,0.01058129904,0.009705435796,0.01101809236,0.008461868988,0.009474936068,0.2063025963,0.01001184295,0.2093270351,0.01622226432,0.01473358416,0.01521666364,0.01890533571,0.1091459099,0.0217881186,0.1215103463]}],[[[0.3319095165,0.01738869547,0.650701788],[0.3291211065,0.2977889843,0.3730899092],[0.1811841005,0.5323098867,0.2865060129],[0.2975403996,0.3266346937,0.3758249067]]],[[[0.2891596596,0.7108403404],[0.5031842971,0.4968157029]]]],[[{"_ArrayType_": "double","_ArraySize_": [4,2,2],"_ArrayData_": [0.1983709913,0.01355355703,0.012199212,0.01458219873,0.01129144982,0.01256425459,0.1947058938,0.01459464768,0.2046416737,0.01792408352,0.01487982561,0.01688751251,0.02501159724,0.1078328574,0.02386834448,0.1170919006]}],[[[0.3304168356,0.01672126535,0.6528618991],[0.3319029806,0.2980788767,0.3700181427],[0.1784753837,0.5334150347,0.2881095816],[0.2990072361,0.3260155291,0.3749772347]]],[[[0.2884449028,0.7115550972],[0.504092397,0.495907603]]]],[[{"_ArrayType_": "double","_ArraySize_": [4,2,2],"_ArrayData_": [0.1985636614,0.01348306332,0.01246080078,0.01469247911,0.01105304834,0.01271399564,0.1948279305,0.01415205686,0.2045860351,0.01826247786,0.01510092043,0.01679029313,0.02466428897,0.1072151743,0.02387702616,0.1175567481]}],[[[0.3304865121,0.01619960559,0.6533138823],[0.3323295608,0.2976686712,0.3700017679],[0.178142961,0.5336286663,0.2882283727],[0.2991888854,0.3259512834,0.3748598312]]],[[[0.2881693519,0.7118306481],[0.5044341492,0.4955658508]]]],[[{"_ArrayType_": "double","_ArraySize_": [4,2,2],"_ArrayData_": [0.2087083063,0.01008146711,0.009007781141,0.01035251752,0.008265744733,0.008776729869,0.2089867489,0.009062989768,0.2085156229,0.01651288789,0.0146970239,0.01534249412,0.01941671529,0.109489966,0.02134039697,0.1214426076]}],[[[0.3319387065,0.01726025433,0.6508010391],[0.3287472483,0.2984814193,0.3727713324],[0.1823418734,0.5317473059,0.2859108207],[0.2969749506,0.3268076821,0.3762173673]]],[[[0.2893015468,0.7106984532],[0.5027279589,0.4972720411]]]],[[{"_ArrayType_": "double","_ArraySize_": [4,2,2],"_ArrayData_": [0.2081672317,0.01029865337,0.009478925937,0.01076860447,0.008416108925,0.009545108471,0.2074693752,0.009181043018,0.2086359804,0.01638342353,0.01448046262,0.01532412106,0.01988430949,0.110223592,0.02156185438,0.1201812055]}],[[[0.3314126309,0.01765731571,0.6509300534],[0.3292470868,0.2993671542,0.371385759],[0.1826917107,0.5315962202,0.2857120691],[0.2967572529,0.326851901,0.3763908461]]],[[[0.2903331091,0.7096668909],[0.502443132,0.497556868]]]],[[{"_ArrayType_": "double","_ArraySize_": [4,2,2],"_ArrayData_": [0.2017374084,0.01220823368,0.01116374006,0.0130502966,0.01022057891,0.01200374758,0.1991986845,0.01299178692,0.2070487268,0.01728499246,0.014705214,0.01615914433,0.022338248,0.1090484236,0.02312308917,0.117717685]}],[[[0.3304083868,0.0168604495,0.6527311637],[0.3314082005,0.2994847136,0.3691070859],[0.1803662884,0.5327643393,0.2868693723],[0.2980436026,0.3262238011,0.3757325963]]],[[[0.2896294492,0.7103705508],[0.503248913,0.496751087]]]],[[{"_ArrayType_": "double","_ArraySize_": [4,2,2],"_ArrayData_": [0.2032927244,0.01182354825,0.01063404262,0.01259560837,0.009871831735,0.01120997632,0.2016978481,0.01144828901,0.2067063491,0.01707955894,0.01477035178,0.01630701926,0.02246362223,0.1091099472,0.02261183255,0.1183774501]}],[[[0.3307548446,0.01674159944,0.652503556],[0.3309146904,0.2999379353,0.3691473743],[0.1807727271,0.5326392323,0.2865880406],[0.2977434105,0.3263108627,0.3759457268]]],[[[0.2892499731,0.7107500269],[0.5032594062,0.4967405938]]]],[[{"_ArrayType_": "double","_ArraySize_": [4,2,2],"_ArrayData_": [0.197626882,0.01389070865,0.01278829045,0.0148593778,0.01144426235,0.0132098755,0.1932377354,0.01505090645,0.2042648394,0.01816774837,0.01490332689,0.01704455023,0.02502123169,0.1083974216,0.02365706031,0.116435783]}],[[[0.3298373717,0.01611493068,0.6540476976],[0.3324618053,0.2992873755,0.3682508192],[0.1782911179,0.5338905869,0.2878182951],[0.2991167624,0.325650098,0.3752331396]]],[[[0.2884579546,0.7115420454],[0.5042764027,0.4957235973]]]],[[{"_ArrayType_": "double","_ArraySize_": [4,2,2],"_ArrayData_": [0.1971301679,0.0139078057,0.0129325077,0.01533076025,0.01152856611,0.01376039307,0.1926992873,0.01492857112,0.2037967238,0.01816855428,0.01502460587,0.01726897483,0.02521863746,0.1074133447,0.02389306902,0.1169980309]}],[[[0.3300171276,0.01585150268,0.6541313697],[0.3327591049,0.2984133543,0.3688275408],[0.1774211161,0.5342606571,0.2883182267],[0.299600007,0.3255442514,0.3748557415]]],[[[0.2877194094,0.7122805906],[0.5046870295,0.4953129705]]]],[[{"_ArrayType_": "double","_ArraySize_": [4,2,2],"_ArrayData_": [0.1973818998,0.01390333019,0.01296458696,0.01506659707,0.01137418214,0.01344852539,0.1931090022,0.01477224151,0.203335823,0.01821771904,0.01516404255,0.01756018152,0.02537406379,0.1075870511,0.02384155224,0.1168992015]}],[[[0.3302463133,0.01576673626,0.6539869504],[0.3326737367,0.2974209459,0.3699053173],[0.1773940276,0.5341641464,0.288441826],[0.2994632396,0.3256504246,0.3748863358]]],[[[0.287469699,0.712530301],[0.5048098987,0.4951901013]]]],[[{"_ArrayType_": "double","_ArraySize_": [4,2,2],"_ArrayData_": [0.1966032575,0.01417692445,0.01287251621,0.01552321269,0.01155509933,0.01330940463,0.1924286935,0.01520639515,0.203135906,0.01833809118,0.0152014022,0.01775661592,0.02564563553,0.1070212211,0.02399195998,0.1172336646]}],[[[0.3302661823,0.01586573417,0.6538680835],[0.3330045761,0.2965793194,0.3704161045],[0.1770442601,0.5341319449,0.288823795],[0.299577903,0.3256937188,0.3747283783]]],[[[0.2873017779,0.7126982221],[0.5049620132,0.4950379868]]]],[[{"_ArrayType_": "double","_ArraySize_": [4,2,2],"_ArrayData_": [0.1979823718,0.01360393059,0.01238959136,0.01469897001,0.01132064781,0.01273828467,0.194466889,0.01430272118,0.2037970779,0.01820143235,0.01519554033,0.01737073829,0.02492913418,0.1068942863,0.02391004904,0.1181983351]}],[[[0.3306273265,0.01612790192,0.6532447716],[0.3327652919,0.2958460655,0.3713886426],[0.1775878309,0.5340033687,0.2884088005],[0.2991913721,0.3258240177,0.3749846102]]],[[[0.2873025283,0.7126974717],[0.5047183537,0.4952816463]]]],[[{"_ArrayType_": "double","_ArraySize_": [4,2,2],"_ArrayData_": [0.1965617337,0.01416858621,0.01283968238,0.01542070966,0.01163296078,0.01340644263,0.1924495147,0.01533737753,0.2036336101,0.01824609574,0.0150806953,0.01733077672,0.02528747542,0.1067262381,0.02400301677,0.1178750844]}],[[[0.3302791981,0.01632086082,0.6533999411],[0.3330799117,0.2960511743,0.3708689141],[0.17704944,0.5338238304,0.2891267296],[0.2995112089,0.325930774,0.3745580171]]],[[[0.2872449652,0.7127550348],[0.50491125,0.49508875]]]],[[{"_ArrayType_": "double","_ArraySize_": [4,2,2],"_ArrayData_": [0.1968244884,0.01422317232,0.01282678082,0.01531958507,0.01149485696,0.01339299719,0.1927835328,0.01506849427,0.2038225555,0.01812548902,0.01508792801,0.01694559959,0.02521641841,0.1071057606,0.02417424049,0.1175881005]}],[[[0.3303780152,0.01633878845,0.6532831964],[0.33304601,0.2961420317,0.3708119583],[0.1770206487,0.5336489961,0.2893303552],[0.2994796603,0.3260230823,0.3744972575]]],[[[0.2871087312,0.7128912688],[0.5049261712,0.4950738288]]]],[[{"_ArrayType_": "double","_ArraySize_": [4,2,2],"_ArrayData_": [0.2072397922,0.01060329611,0.009468763995,0.01092783712,0.008345716622,0.009666950691,0.2062517479,0.01061943976,0.2082680043,0.01643783369,0.01474806973,0.01555057969,0.01967723623,0.1088124908,0.02181349177,0.1215687493]}],[[[0.3318689433,0.01744854812,0.6506825086],[0.3296521088,0.2968297757,0.3735181155],[0.1811200792,0.5319900123,0.2868899085],[0.2972539623,0.3267598871,0.3759861506]]],[[[0.2887320452,0.7112679548],[0.5031379282,0.4968620718]]]],[[{"_ArrayType_": "double","_ArraySize_": [4,2,2],"_ArrayData_": [0.2097649681,0.00975313047,0.008917794658,0.01004308731,0.007842895815,0.008655396982,0.2094747043,0.008989223708,0.2090902507,0.01610391479,0.01448864054,0.01507724225,0.01903656388,0.1100492471,0.0212190927,0.1214938467]}],[[[0.3318726151,0.01803296296,0.6500944219],[0.3289170127,0.2981773423,0.372905645],[0.1829226769,0.5312721062,0.2858052169],[0.296346146,0.3270073229,0.3766465311]]],[[[0.2901994693,0.7098005307],[0.5022972086,0.4977027914]]]],[[{"_ArrayType_": "double","_ArraySize_": [4,2,2],"_Array