{"QPTN": {"arity": {"_ArrayType_": "double","_ArraySize_": [1,3],"_ArrayData_": [3,2,2]},"size": [{"_ArrayType_": "double","_ArraySize_": [1,3],"_ArrayData_": [4,2,2]},{"_ArrayType_": "double","_ArraySize_": [1,2],"_ArrayData_": [4,3]},{"_ArrayType_": "double","_ArraySize_": [1,2],"_ArrayData_": [2,2]}],"edge": {"_ArrayType_": "double","_ArraySize_": [2,4],"_ArrayData_": [1,1,1,2,2,3,1,1]},"stoch": [{"_ArrayType_": "double","_ArraySize_": [1,3],"_ArrayData_": [1,2,3]},{"_ArrayType_": "double","_ArraySize_": [1,1],"_ArrayData_": [2]},{"_ArrayType_": "double","_ArraySize_": [1,1],"_ArrayData_": [2]}]},"nTrials": {"_ArrayType_": "double","_ArraySize_": [1,1],"_ArrayData_": [10]},"nSamples": {"_ArrayType_": "double","_ArraySize_": [1,20],"_ArrayData_": [10,23,54,127,297,695,1623,3792,8858,20691,48329,112883,263665,615848,1438449,3359818,7847599,18329807,42813323,99999999]},"maxIter": {"_ArrayType_": "double","_ArraySize_": [1,1],"_ArrayData_": [5]},"res": {"_ArrayType_": "double","_ArraySize_": [1,1],"_ArrayData_": [3]},"target": ["randIndex","randSimplex"]}
{"KL": 0.1392438885,"sampleKL": 0.1920717659,"targetDistribution": {"_ArrayType_": "double","_ArraySize_": [2,3,2],"_ArrayData_": [0.07577782096,0.1154924242,0.05715691628,0.1254460102,0.1846251111,0.1634201159,0.02109627271,0.0345998544,0.0333043108,0.03243546598,0.1129400844,0.04370561297]},"targetParameters": [{"_ArrayType_": "double","_ArraySize_": [4,2,2],"_ArrayData_": [0.01253143192,0.03746010515,1.435485849e-08,0.007171224623,0.2086671472,0.001632651443,0.2086671472,0.008770794417,0.2086671472,0.01452321978,0.007654416095,0.01259676769,0.2086671472,0.04409965293,0.01396380157,0.004927331199]},[[0.1838848294,0.3755254405,0.4405897301],[0.9555992195,0.007249707273,0.03715107318],[0.01627399576,0.03408353954,0.9496424647],[0.9688970043,4.219329271e-07,0.03110257373]],[[0.9784577014,0.02154229859],[0.6116563148,0.3883436852]]],"predictiveDist": {"_ArrayType_": "double","_ArraySize_": [2,3,2],"_ArrayData_": [0.06857848648,0.1255410486,0.1146817438,0.2098986655,0.0850999693,0.1556173045,0.02280015148,0.0386926986,0.03812369031,0.0646965715,0.02828860738,0.04798106251]},"parameterEstimates": [[{"_ArrayType_": "double","_ArraySize_": [4,2,2],"_ArrayData_": [0.04079942429,0.04309895775,0.04435948128,0.04201264915,0.04576212875,0.04816049763,0.04609405694,0.04728545293,0.09222606551,0.08752724475,0.08801064194,0.08906700341,0.06941696105,0.07318088851,0.07337524606,0.06962330005]}],[[[0.263795944,0.4334775682,0.3027264878],[0.2562531223,0.4201159369,0.3236309408],[0.2498466984,0.4291443994,0.3210089022],[0.2526258966,0.4269492939,0.3204248095]]],[[[0.8421869137,0.1578130863],[0.6671605816,0.3328394184]]]],"parameterKL": [1.632840572,0.04379654288,2.068751623,1.421243143,6.311321612,0.1879603971,0.00661569673],"samples": {"_ArrayType_": "double","_ArraySize_": [2,3,2],"_ArrayData_": [0,2,2,3,0,1,0,0,0,0,1,1]},"deltaKL": [[0.04085587172,0.07075299928,0.0365210909,0.02161938716,0.01282658648,0.4417651737,0.04225552236],[0.006061899101,0.01251040059,0.001063059371,0.0001538423037,0.0008170388242,0.00457467626,0.0001716367423],[0.0003424073312,8.687804286e-05,7.399399815e-05,9.701995199e-07,9.17137866e-05,6.839208685e-05,8.293484491e-05],[1.799102549e-05,1.292529856e-06,8.099512287e-06,1.982215114e-06,5.91076364e-06,3.205445287e-05,5.025181947e-05],[8.138419333e-06,1.973074636e-07,3.085837122e-07,4.696233635e-07,2.761543284e-07,2.01612183e-05,3.08794192e-05]],"thetaHist": [[[{"_ArrayType_": "double","_ArraySize_": [4,2,2],"_ArrayData_": [0.0602268056,0.06264613149,0.06359007418,0.0614812495,0.06181313108,0.06407800959,0.06141461248,0.06285583351,0.06446927532,0.06199806386,0.06216635311,0.06290603742,0.06084027028,0.06412869748,0.06434523217,0.06104022293]}],[[[0.3356772228,0.3375485921,0.3267741851],[0.3314922475,0.3268343443,0.3416734082],[0.3259437832,0.3321356674,0.3419205494],[0.3276993132,0.3297372828,0.342563404]]],[[[0.5027505352,0.4972494648],[0.5015040474,0.4984959526]]]],[[{"_ArrayType_": "double","_ArraySize_": [4,2,2],"_ArrayData_": [0.04283782355,0.04503106197,0.04631489174,0.0439589183,0.0444003052,0.04609823364,0.04419444719,0.04534345604,0.08309569518,0.07897653831,0.07980288429,0.0805083076,0.07817956219,0.08129017585,0.0820858786,0.07788182034]}],[[[0.2162596475,0.5182863338,0.2654540187],[0.2369311745,0.4495628689,0.3135059566],[0.2494013957,0.4232555519,0.3273430524],[0.26696909,0.3984386775,0.3345922325]]],[[[0.8844699893,0.1155300107],[0.6437570981,0.3562429019]]]],[[{"_ArrayType_": "double","_ArraySize_": [4,2,2],"_ArrayData_": [0.04261031737,0.04247075816,0.04198657753,0.03864460826,0.04879370736,0.04975690362,0.04625923242,0.0464793084,0.0929430368,0.08925954031,0.08969543305,0.09079141542,0.06602675851,0.07197210372,0.07286941614,0.06944088295]}],[[[0.2605670583,0.4402766398,0.299156302],[0.2527276819,0.4284145648,0.3188577533],[0.2498564228,0.4305032399,0.3196403372],[0.2575085696,0.4183137862,0.3241776442]]],[[[0.8515813273,0.1484186727],[0.6525961405,0.3474038595]]]],[[{"_ArrayType_": "double","_ArraySize_": [4,2,2],"_ArrayData_": [0.0408938792,0.04321569604,0.04413348586,0.04135753428,0.0460799819,0.04854723521,0.04618272221,0.0470304338,0.09320593112,0.08849065028,0.08889368858,0.08982977472,0.06845494757,0.07227321031,0.07252850887,0.06888232007]}],[[[0.2632191094,0.4337594523,0.3030214382],[0.2548883862,0.4224349984,0.3226766154],[0.2492967325,0.4306027852,0.3201004822],[0.2538674078,0.4249385707,0.3211940216]]],[[[0.847391437,0.152608563],[0.6587113203,0.3412886797]]]],[[{"_ArrayType_": "double","_ArraySize_": [4,2,2],"_ArrayData_": [0.04075505465,0.04310325104,0.04430742269,0.04183399866,0.0458320152,0.04828618258,0.04615646078,0.04724582915,0.09262240385,0.08791850731,0.08840931286,0.08944346233,0.06902643737,0.0727930162,0.07299157528,0.06927507006]}],[[[0.2638997681,0.4331705867,0.3029296452],[0.2559730047,0.420467955,0.3235590403],[0.2496361209,0.4296241043,0.3207397748],[0.2528754362,0.4266049245,0.3205196392]]],[[[0.8444972922,0.1555027078],[0.6634539188,0.3365460812]]]],[[{"_ArrayType_": "double","_ArraySize_": [4,2,2],"_ArrayData_": [0.04079942429,0.04309895775,0.04435948128,0.04201264915,0.04576212875,0.04816049763,0.04609405694,0.04728545293,0.09222606551,0.08752724475,0.08801064194,0.08906700341,0.06941696105,0.07318088851,0.07337524606,0.06962330005]}],[[[0.263795944,0.4334775682,0.3027264878],[0.2562531223,0.4201159369,0.3236309408],[0.2498466984,0.4291443994,0.3210089022],[0.2526258966,0.4269492939,0.3204248095]]],[[[0.8421869137,0.1578130863],[0.6671605816,0.3328394184]]]]]}
{"KL": 0.1618013871,"sampleKL": 0.2699300437,"targetDistribution": {"_ArrayType_": "double","_ArraySize_": [2,3,2],"_ArrayData_": [0.0577669302,0.008858253168,0.04236056085,0.01218147203,0.09816019269,0.0422559188,0.1223746948,0.04393933122,0.08697516205,0.07014087887,0.2031786892,0.2118079161]},"targetParameters": [{"_ArrayType_": "double","_ArraySize_": [4,2,2],"_ArrayData_": [0.05767356809,0.06393594252,0.005436929602,0.01673821133,0.1740596088,0.1024609557,0.09539622394,0.09511478984,0.05951373192,0.09464476416,0.09826991706,0.1072829907,0.00679511533,6.606554736e-08,6.606554736e-08,0.02267711889]},[[0.7582640085,0.1619537405,0.07978225101],[0.02660178879,0.2649289493,0.7084692619],[1.651750836e-06,0.4732792271,0.5267191212],[6.769062991e-07,6.769062991e-07,0.9999986462]],[[0.1448291098,0.8551708902],[0.3799817591,0.6200182409]]],"predictiveDist": {"_ArrayType_": "double","_ArraySize_": [2,3,2],"_ArrayData_": [0.02262770599,0.006935268362,0.02291931648,0.006770036876,0.07428784086,0.01958221097,0.1251560812,0.03835516113,0.1267679209,0.03744041129,0.4108601599,0.108297886]},"parameterEstimates": [[{"_ArrayType_": "double","_ArraySize_": [4,2,2],"_ArrayData_": [0.1240933783,0.1247462533,0.07855958439,0.065666225,0.1233545319,0.1248622188,0.07515972097,0.06617711269,0.02623605848,0.02573941877,0.02775592244,0.02930601139,0.02491351424,0.02646424266,0.028899346,0.02806646066]}],[[[0.146866706,0.1646891259,0.6884441682],[0.1446316803,0.1629032713,0.6924650484],[0.249788476,0.2370894177,0.5131221063],[0.2802062249,0.2414077243,0.4783860508]]],[[[0.1457842357,0.8542157643],[0.1605225082,0.8394774918]]]],"parameterKL": [1.045313513,1.245364604,0.1498493258,2.801803114,6.357585608,3.676135317e-06,0.1160670155],"samples": {"_ArrayType_": "double","_ArraySize_": [2,3,2],"_ArrayData_": [0,0,0,0,1,0,0,1,1,0,7,0]},"deltaKL": [[0.1962849963,0.3810560104,0.2774637357,0.1651406971,0.1030514576,0.6238751095,0.2235981393],[0.02069648376,0.02259505646,0.01004079717,0.007997074627,0.005123699923,0.01272370916,0.002582458606],[0.0003930841258,0.001512522023,0.001497078692,7.766056226e-05,0.0001558099706,0.0005122595854,0.000245165038],[0.0009611619744,0.0001183765148,0.0004100256866,0.0009204449532,0.0006466407869,6.690730003e-05,3.568058122e-05],[0.001027004657,0.0002628729843,0.0007668434098,0.001221490768,0.0005880166366,1.056049131e-05,5.520492543e-06]],"thetaHist": [[[{"_ArrayType_": "double","_ArraySize_": [4,2,2],"_ArrayData_": [0.0602268056,0.06264613149,0.06359007418,0.0614812495,0.06181313108,0.06407800959,0.06141461248,0.06285583351,0.06446927532,0.06199806386,0.06216635311,0.06290603742,0.06084027028,0.06412869748,0.06434523217,0.06104022293]}],[[[0.3356772228,0.3375485921,0.3267741851],[0.3314922475,0.3268343443,0.3416734082],[0.3259437832,0.3321356674,0.3419205494],[0.3276993132,0.3297372828,0.342563404]]],[[[0.5027505352,0.4972494648],[0.5015040474,0.4984959526]]]],[[{"_ArrayType_": "double","_ArraySize_": [4,2,2],"_ArrayData_": [0.08786135285,0.09974542385,0.1016726388,0.09991322365,0.08993397773,0.102427868,0.09981505054,0.1017932515,0.02790305161,0.02704506796,0.02654998737,0.02696779911,0.02638974374,0.02803996685,0.02779996997,0.02614162643]}],[[[0.1293066665,0.1271819051,0.7435114284],[0.1480996031,0.1489339683,0.7029664287],[0.183211805,0.1907672251,0.62602097],[0.2155173494,0.2162645668,0.5682180838]]],[[[0.07900850379,0.9209914962],[0.2008703132,0.7991296868]]]],[[{"_ArrayType_": "double","_ArraySize_": [4,2,2],"_ArrayData_": [0.123379784,0.1126116338,0.09224311887,0.07589830079,0.1160490553,0.1069285206,0.08368637743,0.07237686136,0.02655252295,0.02665123694,0.02764778522,0.02940347151,0.02463179451,0.02676496419,0.02792086854,0.02725370393]}],[[[0.1693214574,0.1854752852,0.6452032574],[0.1787162477,0.1853548946,0.6359288577],[0.219745132,0.2159022349,0.5643526331],[0.2531423534,0.225039482,0.5218181646]]],[[[0.1291318608,0.8708681392],[0.173132761,0.826867239]]]],[[{"_ArrayType_": "double","_ArraySize_": [4,2,2],"_ArrayData_": [0.1177137131,0.1150896609,0.09009775814,0.07484270556,0.1142958867,0.1126762875,0.0845252856,0.07371937354,0.02677038843,0.02641579443,0.02728421778,0.02877963653,0.02519404915,0.02702514655,0.02819032198,0.02737977413]}],[[[0.1577595316,0.1710722297,0.6711682387],[0.1632775946,0.1752126151,0.6615097903],[0.2213397336,0.2201568888,0.5585033776],[0.2575509554,0.2294450969,0.5130039477]]],[[[0.1401176086,0.8598823914],[0.1648620578,0.8351379422]]]],[[{"_ArrayType_": "double","_ArraySize_": [4,2,2],"_ArrayData_": [0.1210510948,0.1191162443,0.08450146608,0.06977800911,0.1195590632,0.1185228184,0.08044889053,0.06983210736,0.02647452794,0.02604791066,0.02745774584,0.02906772694,0.02506464176,0.02675633178,0.02852837014,0.02779305107]}],[[[0.1531866541,0.1687621848,0.6780511612],[0.1552806714,0.1700342859,0.6746850426],[0.2344976616,0.2280364592,0.5374658792],[0.2692831709,0.2353869931,0.4953298361]]],[[[0.1441649386,0.8558350614],[0.1617435215,0.8382564785]]]],[[{"_ArrayType_": "double","_ArraySize_": [4,2,2],"_ArrayData_": [0.1240933783,0.1247462533,0.07855958439,0.065666225,0.1233545319,0.1248622188,0.07515972097,0.06617711269,0.02623605848,0.02573941877,0.02775592244,0.02930601139,0.02491351424,0.02646424266,0.028899346,0.02806646066]}],[[[0.146866706,0.1646891259,0.6884441682],[0.1446316803,0.1629032713,0.6924650484],[0.249788476,0.2370894177,0.5131221063],[0.2802062249,0.2414077243,0.4783860508]]],[[[0.1457842357,0.8542157643],[0.1605225082,0.8394774918]]]]]}
{"KL": 0.1465685646,"sampleKL": 0.2327138563,"targetDistribution": {"_ArrayType_": "double","_ArraySize_": [2,3,2],"_ArrayData_": [0.1276192412,0.1014466114,0.02171810059,0.007179604158,0.05785290686,0.1232833043,0.221836587,0.1226399334,0.03286666184,0.01351611251,0.05921796258,0.1108229742]},"targetParameters": [{"_ArrayType_": "double","_ArraySize_": [4,2,2],"_ArrayData_": [0.009093039366,0.3465721417,0.08076760116,0.01392783271,0.01351870747,1.328077973e-07,0.01277125597,0.04446074892,0.01630901789,0.1343654366,0.03546482201,0.1165423519,0.1182702757,0.01234998584,1.328077973e-07,0.04558651717]},[[0.3494727639,2.627438841e-07,0.6505269734],[0.9089307669,6.63318676e-07,0.09106856982],[0.1337835326,0.5835490474,0.2826674201],[0.2402777427,2.67634891e-07,0.7597219896]],[[0.346910239,0.653089761],[0.7202110448,0.2797889552]]],"predictiveDist": {"_ArrayType_": "double","_ArraySize_": [2,3,2],"_ArrayData_": [0.1223338605,0.04672907322,0.03463661251,0.02919448162,0.05430056707,0.04754245699,0.2539752611,0.0900759884,0.06797669213,0.0559839377,0.1061016966,0.09114937209]},"parameterEstimates": [[{"_ArrayType_": "double","_ArraySize_": [4,2,2],"_ArrayData_": [0.2054750453,0.05433159312,0.04374641149,0.04330506357,0.1456830642,0.05593100924,0.04416355023,0.04668895283,0.02680594182,0.04655199769,0.05317289035,0.052963755,0.02549372453,0.04894260121,0.05579663924,0.05094776017]}],[[[0.8190554823,0.07759807763,0.10334644],[0.3323336143,0.2492913181,0.4183750676],[0.2862182784,0.2724162136,0.441365508],[0.2987503047,0.2658899221,0.4353597733]]],[[[0.2095663359,0.7904336641],[0.4738362168,0.5261637832]]]],"parameterKL": [2.390174371,1.484900554,3.503675252,0.2068255991,3.494337809,0.0452409989,0.1339259584],"samples": {"_ArrayType_": "double","_ArraySize_": [2,3,2],"_ArrayData_": [1,0,0,0,1,1,5,0,0,1,0,1]},"deltaKL": [[0.04258551955,0.1815955188,0.1015176637,0.05918204931,0.04598966619,0.237486571,0.004099852257],[0.01630029903,0.0001476438114,0.005601892508,0.009671913853,0.006120281992,0.001327416907,0.0003341188634],[0.004348520545,0.01893888926,0.001595991644,0.00378604289,0.002067079537,9.913345415e-05,2.450725923e-05],[0.01096017068,0.01394810376,0.008115593001,0.00405624555,0.002659612735,7.915929333e-06,0.0001898056644],[0.009051268602,0.005307855826,0.006494549704,0.00115798445,0.001100357909,0.0003036359233,0.001173863846]],"thetaHist": [[[{"_ArrayType_": "double","_ArraySize_": [4,2,2],"_ArrayData_": [0.0602268056,0.06264613149,0.06359007418,0.0614812495,0.06181313108,0.06407800959,0.06141461248,0.06285583351,0.06446927532,0.06199806386,0.06216635311,0.06290603742,0.06084027028,0.06412869748,0.06434523217,0.06104022293]}],[[[0.3356772228,0.3375485921,0.3267741851],[0.3314922475,0.3268343443,0.3416734082],[0.3259437832,0.3321356674,0.3419205494],[0.3276993132,0.3297372828,0.342563404]]],[[[0.5027505352,0.4972494648],[0.5015040474,0.4984959526]]]],[[{"_ArrayType_": "double","_ArraySize_": [4,2,2],"_ArrayData_": [0.0793844578,0.08114951102,0.07976443332,0.07839099817,0.08132890663,0.08343644635,0.07740307394,0.08004401589,0.04568112168,0.04435755501,0.04463244573,0.04527699068,0.0425315234,0.04633659592,0.04669686709,0.04358505738]}],[[[0.6196164647,0.1507809454,0.2296025899],[0.52911489,0.1707022341,0.3001828759],[0.4598818739,0.1983282817,0.3417898445],[0.4397251729,0.2080033277,0.3522714994]]],[[[0.1945495999,0.8054504001],[0.4563125943,0.5436874057]]]],[[{"_ArrayType_": "double","_ArraySize_": [4,2,2],"_ArrayData_": [0.1151465352,0.0872439811,0.06987636297,0.06306384077,0.09747686211,0.08134817052,0.06460828753,0.06271614589,0.03738086392,0.04218235658,0.04796276809,0.05059990239,0.03522332686,0.04471883342,0.0510231658,0.04942859689]}],[[[0.6159121893,0.1569567978,0.2271310129],[0.4772338453,0.1971413881,0.3256247666],[0.3920259467,0.2307502859,0.3772237674],[0.3856057536,0.2312649592,0.3831292872]]],[[[0.2154761832,0.7845238168],[0.443458481,0.556541519]]]],[[{"_ArrayType_": "double","_ArraySize_": [4,2,2],"_ArrayData_": [0.1351609394,0.08224921373,0.06119992515,0.05777619837,0.1117384049,0.07746054687,0.05748950978,0.05800624696,0.03543306608,0.04280817065,0.04960229011,0.0509734824,0.03329018685,0.04505263978,0.05233303813,0.04942614083]}],[[[0.7066522213,0.1226335908,0.1707141879],[0.4492139393,0.205714636,0.3450714247],[0.3501681674,0.2462791981,0.4035526344],[0.3546561608,0.2429145094,0.4024293299]]],[[[0.2213028862,0.7786971138],[0.4399823063,0.5600176937]]]],[[{"_ArrayType_": "double","_ArraySize_": [4,2,2],"_ArrayData_": [0.1699489384,0.06934227508,0.0507328858,0.04944088779,0.1320396006,0.06776256474,0.04947495278,0.05145095774,0.03027586146,0.04397150637,0.05218158965,0.05262668333,0.02860754305,0.04628424672,0.05497233567,0.05088717081]}],[[[0.7783377544,0.09420426362,0.127457982],[0.386662762,0.2278376662,0.3854995718],[0.308108404,0.2631927037,0.4286988923],[0.3203558088,0.2571371163,0.4225070749]]],[[[0.219654085,0.780345915],[0.4496679532,0.5503320468]]]],[[{"_ArrayType_": "double","_ArraySize_": [4,2,2],"_ArrayData_": [0.2054750453,0.05433159312,0.04374641149,0.04330506357,0.1456830642,0.05593100924,0.04416355023,0.04668895283,0.02680594182,0.04655199769,0.05317289035,0.052963755,0.02549372453,0.04894260121,0.05579663924,0.05094776017]}],[[[0.8190554823,0.07759807763,0.10334644],[0.3323336143,0.2492913181,0.4183750676],[0.2862182784,0.2724162136,0.441365508],[0.2987503047,0.2658899221,0.4353597733]]],[[[0.2095663359,0.7904336641],[0.4738362168,0.5261637832]]]]]}
{"KL": 0.2437732544,"sampleKL": 0.2418861452,"targetDistribution": {"_ArrayType_": "double","_ArraySize_": [2,3,2],"_ArrayData_": [0.02856034757,0.09978083284,0.02952276234,0.09131398671,0.04924464799,0.156226804,0.04896986364,0.1106775202,0.03814331931,0.1184837754,0.08895815393,0.1401179861]},"targetParameters": [{"_ArrayType_": "double","_ArraySize_": [4,2,2],"_ArrayData_": [0.001069681591,0.001946296531,0.00128572384,0.01484884561,0.00503985459,0.2271036882,0.02255927671,0.009545727669,0.001918550609,0.2271036882,1.562316518e-08,0.0007487029791,0.2271036882,0.009817254257,0.2271036882,0.02280531708]},[[0.1708308086,0.5555112055,0.2736579858],[0.27185868,0.1796081228,0.5485331973],[0.4566725259,0.08665494817,0.4566725259],[0.1364209582,0.8635789823,5.940826937e-08]],[[0.7691401615,0.2308598385],[0.3504212365,0.6495787635]]],"predictiveDist": {"_ArrayType_": "double","_ArraySize_": [2,3,2],"_ArrayData_": [0.1176681875,0.1614814878,0.04817298853,0.06587005366,0.07696500229,0.1049922204,0.1243514725,0.08165211561,0.050911793,0.0333498995,0.08139436726,0.05319041189]},"parameterEstimates": [[{"_ArrayType_": "double","_ArraySize_": [4,2,2],"_ArrayData_": [0.04443816088,0.04683598951,0.04792089953,0.04546880158,0.07471358891,0.08114699559,0.07760234955,0.08133702558,0.09270682626,0.0835799596,0.08105384342,0.08058151043,0.04089216581,0.04207769332,0.04129482953,0.0383493605]}],[[[0.5135090385,0.1942086741,0.2922822874],[0.4849624071,0.1959305874,0.3191070055],[0.4758105606,0.2043114357,0.3198780037],[0.4656090093,0.1989093251,0.3354816656]]],[[[0.8531632212,0.1468367788],[0.2708315848,0.7291684152]]]],"parameterKL": [2.773817165,0.3803044246,0.124866486,0.08088863376,5.495150299,0.02201191898,0.0145010225],"samples": {"_ArrayType_": "double","_ArraySize_": [2,3,2],"_ArrayData_": [1,3,1,0,0,1,1,1,0,0,2,0]},"deltaKL": [[3.606243588e-05,0.1801865584,0.09866235952,0.06389415822,0.04505868136,0.06683920493,0.0001736979427],[0.01165965463,0.01406999782,0.002765053359,0.0005054760174,0.0001075367365,0.005764122428,0.01728949896],[0.004714986943,0.0001251224871,4.620643186e-06,0.0001322424371,0.0002810343411,0.01485498541,0.01492515821],[0.002843943631,0.0001742562477,3.061909621e-05,1.922084533e-05,8.20646105e-05,0.00557756103,0.003436189427],[0.0004515956183,4.468628713e-05,1.017788961e-05,9.043192452e-06,3.689527741e-05,0.0007088450846,0.0002308401148]],"thetaHist": [[[{"_ArrayType_": "double","_ArraySize_": [4,2,2],"_ArrayData_": [0.0602268056,0.06264613149,0.06359007418,0.0614812495,0.06181313108,0.06407800959,0.06141461248,0.06285583351,0.06446927532,0.06199806386,0.06216635311,0.06290603742,0.06084027028,0.06412869748,0.06434523217,0.06104022293]}],[[[0.3356772228,0.3375485921,0.3267741851],[0.3314922475,0.3268343443,0.3416734082],[0.3259437832,0.3321356674,0.3419205494],[0.3276993132,0.3297372828,0.342563404]]],[[[0.5027505352,0.4972494648],[0.5015040474,0.4984959526]]]],[[{"_ArrayType_": "double","_ArraySize_": [4,2,2],"_ArrayData_": [0.05990001371,0.06309182337,0.06380020049,0.06171579752,0.06161531297,0.06476600316,0.06149674326,0.06321996177,0.06519537483,0.0623246269,0.06120898994,0.06247653188,0.06104942788,0.06449938288,0.06334360411,0.06029620534]}],[[[0.6184222667,0.1512225846,0.2303551487],[0.5253764095,0.1719528102,0.3026707803],[0.4689650749,0.1954980927,0.3355368324],[0.4373621251,0.2086633783,0.3539744965]]],[[[0.6793800466,0.3206199534],[0.4921852711,0.5078147289]]]],[[{"_ArrayType_": "double","_ArraySize_": [4,2,2],"_ArrayData_": [0.04931512789,0.05538917204,0.05811022418,0.05671628083,0.06180348766,0.07182379591,0.07159125103,0.07480081377,0.08761565766,0.07180277845,0.06407844412,0.06063010537,0.0614191642,0.05691692133,0.0517947354,0.04619204016]}],[[[0.5353419234,0.1864026399,0.2782554367],[0.4912670481,0.1948909441,0.3138420078],[0.4626750885,0.2082652441,0.3290596673],[0.443355788,0.2094319782,0.3472122338]]],[[[0.7279826959,0.2720173041],[0.4001955952,0.5998044048]]]],[[{"_ArrayType_": "double","_ArraySize_": [4,2,2],"_ArrayData_": [0.04875226453,0.052014575,0.05340950326,0.05142820043,0.0691590389,0.07535253334,0.07311568909,0.07628332508,0.08865117511,0.07768956371,0.07284992944,0.07094385879,0.04980181843,0.04965877679,0.04743349867,0.04345624944]}],[[[0.5275562805,0.1886346097,0.2838091098],[0.4911121585,0.1939020903,0.3149857511],[0.4707872806,0.2052674278,0.3239452916],[0.4550572144,0.2039639086,0.340978877]]],[[[0.7997112642,0.2002887358],[0.3181323475,0.6818676525]]]],[[{"_ArrayType_": "double","_ArraySize_": [4,2,2],"_ArrayData_": [0.0458085675,0.04848751369,0.04965672756,0.04740035706,0.07274371413,0.07920597536,0.07630292596,0.07985501204,0.0925066659,0.08241648755,0.07869547528,0.0774353601,0.04320485981,0.04401045676,0.04276284716,0.03950705413]}],[[[0.5182321775,0.1922408406,0.2895269819],[0.4872083204,0.1952164604,0.3175752192],[0.4737474793,0.2047584739,0.3214940469],[0.4613789718,0.2009662434,0.3376547848]]],[[[0.8396721587,0.1603278413],[0.2804149012,0.7195850988]]]],[[{"_ArrayType_": "double","_ArraySize_": [4,2,2],"_ArrayData_": [0.04443816088,0.04683598951,0.04792089953,0.04546880158,0.07471358891,0.08114699559,0.07760234955,0.08133702558,0.09270682626,0.0835799596,0.08105384342,0.08058151043,0.04089216581,0.04207769332,0.04129482953,0.0383493605]}],[[[0.5135090385,0.1942086741,0.2922822874],[0.4849624071,0.1959305874,0.3191070055],[0.4758105606,0.2043114357,0.3198780037],[0.4656090093,0.1989093251,0.3354816656]]],[[[0.8531632212,0.1468367788],[0.2708315848,0.7291684152]]]]]}
{"KL": 0.1490332383,"sampleKL": 0.2743756399,"targetDistribution": {"_ArrayType_": "double","_ArraySize_": [2,3,2],"_ArrayData_": [0.01634170128,0.0145503873,0.1557538568,0.03440378829,0.09544782431,0.132747975,0.02566949925,0.01324507827,0.1514991504,0.04549541061,0.208251151,0.1065941775]},"targetParameters": [{"_ArrayType_": "double","_ArraySize_": [4,2,2],"_ArrayData_": [0.03977665431,0.0110506043,0.01063648738,0.2542376007,0.2542376007,0.05784410748,1.748979095e-08,0.02518011062,0.0157553032,0.01103319969,0.01795065315,0.01534775377,0.01039211736,0.01605081111,0.006269377946,0.2542376007]},[[0.01916074556,0.7581208454,0.222718409],[0.2173884637,0.7826111911,3.451886945e-07],[0.05437979015,0.6816384779,0.263981732],[0.07452047918,0.08298202727,0.8424974935]],[[0.2202665983,0.7797334017],[0.5870955422,0.4129044578]]],"predictiveDist": {"_ArrayType_": "double","_ArraySize_": [2,3,2],"_ArrayData_": [0.01510928033,0.02378739392,0.04017063691,0.06332110704,0.05328774646,0.08388678449,0.07421395218,0.02598386187,0.1974295715,0.06910262248,0.2621956564,0.09151138633]},"parameterEstimates": [[{"_ArrayType_": "double","_ArraySize_": [4,2,2],"_ArrayData_": [0.1227203202,0.1397975842,0.1352777993,0.1312578531,0.02789999702,0.02906459225,0.02790402552,0.02848467222,0.03073515498,0.03007754454,0.02962219557,0.03003419688,0.05768196192,0.05969654255,0.0628385948,0.0569069649]}],[[[0.1485874273,0.3865427286,0.4648698441],[0.1347165939,0.3547899401,0.5104934661],[0.1333309395,0.3767075721,0.4899614884],[0.1404586773,0.3630629316,0.4964783911]]],[[[0.05689954495,0.943100455],[0.6922142192,0.3077857808]]]],"parameterKL": [1.393303464,0.3860518738,6.907335636,0.1991929372,0.3623387197,0.1023808104,0.02358193348],"samples": {"_ArrayType_": "double","_ArraySize_": [2,3,2],"_ArrayData_": [0,0,0,2,0,0,0,0,2,0,5,1]},"deltaKL": [[0.04263195236,0.1743029033,0.154191716,0.1320241587,0.115362777,0.431416694,0.05223344674],[0.04550475005,0.006372171468,0.0008298523618,0.0002073387227,0.0001969292255,0.001727854079,0.07039122123],[0.02197095301,0.0001976072003,1.066540324e-05,4.956037103e-05,0.0001632181246,0.008716979948,0.02982827064],[0.004853579558,0.0002236575014,3.080193573e-07,6.03833378e-06,8.723314697e-05,0.0006867354763,0.002908897554],[0.0003120583753,0.0001345215088,1.344871949e-07,3.957860065e-06,7.352159131e-05,2.78897258e-05,0.0001189172371]],"thetaHist": [[[{"_ArrayType_": "double","_ArraySize_": [4,2,2],"_ArrayData_": [0.0602268056,0.06264613149,0.06359007418,0.0614812495,0.06181313108,0.06407800959,0.06141461248,0.06285583351,0.06446927532,0.06199806386,0.06216635311,0.06290603742,0.06084027028,0.06412869748,0.06434523217,0.06104022293]}],[[[0.3356772228,0.3375485921,0.3267741851],[0.3314922475,0.3268343443,0.3416734082],[0.3259437832,0.3321356674,0.3419205494],[0.3276993132,0.3297372828,0.342563404]]],[[[0.5027505352,0.4972494648],[0.5015040474,0.4984959526]]]],[[{"_ArrayType_": "double","_ArraySize_": [4,2,2],"_ArrayData_": [0.07411952403,0.08068321616,0.08289096943,0.08049707434,0.07625829081,0.08322804306,0.08076837046,0.08243641896,0.04647687777,0.04406471895,0.0445427384,0.04505603101,0.04318241025,0.04595642622,0.04653052097,0.04330836918]}],[[[0.1249363941,0.3251744313,0.5498891746],[0.1252396849,0.3482030757,0.5265572394],[0.1296002242,0.3832704159,0.4871293599],[0.1398605736,0.3888585031,0.4712809233]]],[[[0.1213832746,0.8786167254],[0.3439267273,0.6560732727]]]],[[{"_ArrayType_": "double","_ArraySize_": [4,2,2],"_ArrayData_": [0.1105903855,0.1092044481,0.1025918316,0.09536702993,0.05757340457,0.05846308478,0.05337528135,0.05311883899,0.03475536166,0.03382105612,0.03396335278,0.03434335881,0.05057546926,0.05646376867,0.05989008211,0.05590324581]}],[[[0.1410193388,0.3654962829,0.4934843782],[0.1356683987,0.3561623467,0.5081692547],[0.1364800972,0.381475852,0.4820440508],[0.1448128144,0.3802354184,0.4749517672]]],[[[0.1030634863,0.8969365137],[0.5303948025,0.4696051975]]]],[[{"_ArrayType_": "double","_ArraySize_": [4,2,2],"_ArrayData_": [0.1210149572,0.1288699029,0.1233724503,0.1170796331,0.03721441317,0.03904408025,0.03676331378,0.0373106075,0.03245508645,0.03139604151,0.03112154415,0.03144304017,0.05534635479,0.05878873828,0.06178026326,0.05699957334]}],[[[0.1442281539,0.3721999702,0.4835718759],[0.1349829176,0.3545403344,0.510476748],[0.1345948356,0.378477471,0.4869276935],[0.1427288479,0.3733140636,0.4839570885]]],[[[0.06754385923,0.9324561408],[0.6493123474,0.3506876526]]]],[[{"_ArrayType_": "double","_ArraySize_": [4,2,2],"_ArrayData_": [0.1246611665,0.1376804701,0.1325806584,0.1271153142,0.02953421068,0.03079348355,0.02943133514,0.02999985664,0.03098068492,0.03017425719,0.02973549098,0.0300903077,0.0569733786,0.05974598298,0.06295524078,0.05754816158]}],[[[0.1466686514,0.3802950607,0.4730362879],[0.1348431243,0.3549040627,0.510252813],[0.1338009305,0.3776340761,0.4885649934],[0.1416131248,0.3679161794,0.4904706958]]],[[[0.05863785328,0.9413621467],[0.6850807452,0.3149192548]]]],[[{"_ArrayType_": "double","_ArraySize_": [4,2,2],"_ArrayData_": [0.1227203202,0.1397975842,0.1352777993,0.1312578531,0.02789999702,0.02906459225,0.02790402552,0.02848467222,0.03073515498,0.03007754454,0.02962219557,0.03003419688,0.05768196192,0.05969654255,0.0628385948,0.0569069649]}],[[[0.1485874273,0.3865427286,0.4648698441],[0.1347165939,0.3547899401,0.5104934661],[0.1333309395,0.3767075721,0.4899614884],[0.1404586773,0.3630629316,0.4964783911]]],[[[0.05689954495,0.943100455],[0.6922142192,0.3077857808]]]]]}
{"KL": 0.2274952998,"sampleKL": 0.6706640758,"targetDistribution": {"_ArrayType_": "double","_ArraySize_": [2,3,2],"_ArrayData_": [0.0004369391036,0.0405586293,0.0006696941768,0.03130072763,0.003987143582,0.1808695086,0.00217738179,0.1429653372,0.003187534979,0.1034005184,0.01913084263,0.4713157425]},"targetParameters": [{"_ArrayType_": "double","_ArraySize_": [4,2,2],"_ArrayData_": [2.033799952e-08,0.002533659311,0.001673735798,0.00515278761,0.002070235871,0.005732593469,2.033799952e-08,0.01242648353,0.2956401375,0.0205765342,0.02087391302,0.2956401375,0.2956401375,0.01277995272,0.02769096292,0.001568688356]},[[0.2869751127,0.1788343271,0.5341905602],[0.2168408656,0.3117113036,0.4714478308],[0.136068993,0.1565102711,0.7074207358],[6.625588855e-08,0.03688161008,0.9631183237]],[[0.3519537147,0.6480462853],[0.08895096086,0.9110490391]]],"predictiveDist": {"_ArrayType_": "double","_ArraySize_": [2,3,2],"_ArrayData_": [0.01189935695,0.06157464133,0.00534626768,0.02765766147,0.02089819293,0.108188111,0.03840038232,0.2000380082,0.01725392043,0.08984910813,0.0674454211,0.3514489285]},"parameterEstimates": [[{"_ArrayType_": "double","_ArraySize_": [4,2,2],"_ArrayData_": [0.01923129682,0.0207808284,0.02076268102,0.01944179445,0.02024196028,0.02034786048,0.02007889545,0.02035822452,0.1063682775,0.1077288216,0.1064166986,0.1101993745,0.0974567909,0.104601442,0.1033843517,0.1026007019]}],[[[0.3246835848,0.1465613174,0.5287550977],[0.311060486,0.1387758834,0.5501636306],[0.3062481494,0.1423914646,0.551360386],[0.3060866252,0.1329590704,0.5609543044]]],[[[0.1993256963,0.8006743037],[0.2734224886,0.7265775114]]]],"parameterKL": [1.556638881,0.005508261996,0.08488742525,0.09755752003,4.564441491,0.05600779156,0.1426458312],"samples": {"_ArrayType_": "double","_ArraySize_": [2,3,2],"_ArrayData_": [0,1,0,0,0,1,0,2,0,0,0,6]},"deltaKL": [[0.3040924457,0.2725721222,0.1869529776,0.1407596452,0.129094292,0.4353409959,0.04908308051],[0.003743965941,0.02826445519,0.002649439306,0.000674635623,0.001983897681,0.00792258102,0.003298795207],[0.0006642138829,0.0003245669426,0.0001646630784,3.326288503e-05,0.0003733464174,0.001021905416,0.0008425585981],[0.000212209136,9.934056876e-05,3.723609911e-05,5.470257236e-06,0.0001251307613,0.0003408854218,0.0003140154527],[7.870340782e-05,3.517504587e-05,1.449760701e-05,1.149831095e-06,5.040852341e-05,0.0001417180713,0.0001241025206]],"thetaHist": [[[{"_ArrayType_": "double","_ArraySize_": [4,2,2],"_ArrayData_": [0.0602268056,0.06264613149,0.06359007418,0.0614812495,0.06181313108,0.06407800959,0.06141461248,0.06285583351,0.06446927532,0.06199806386,0.06216635311,0.06290603742,0.06084027028,0.06412869748,0.06434523217,0.06104022293]}],[[[0.3356772228,0.3375485921,0.3267741851],[0.3314922475,0.3268343443,0.3416734082],[0.3259437832,0.3321356674,0.3419205494],[0.3276993132,0.3297372828,0.342563404]]],[[[0.5027505352,0.4972494648],[0.5015040474,0.4984959526]]]],[[{"_ArrayType_": "double","_ArraySize_": [4,2,2],"_ArrayData_": [0.01924678081,0.0207977102,0.02077872143,0.01945663186,0.02025833417,0.02036251272,0.02009525086,0.02037397041,0.1008460685,0.1061755227,0.1051757307,0.1068730948,0.09725827954,0.1089765466,0.1079640776,0.1053607672]}],[[[0.2182703005,0.115964303,0.6657653965],[0.2751718408,0.1233605307,0.6014676285],[0.3219510889,0.1372606756,0.5407882355],[0.3511393296,0.1371770679,0.5116836025]]],[[[0.1202916701,0.8797083299],[0.3485188768,0.6514811232]]]],[[{"_ArrayType_": "double","_ArraySize_": [4,2,2],"_ArrayData_": [0.01912459578,0.0206644314,0.02065202218,0.019339577,0.02012916759,0.020246824,0.01996622491,0.02024968163,0.1222223522,0.1131403835,0.1038153183,0.1014530142,0.1025195789,0.1042250217,0.09870611161,0.09354569523]}],[[[0.3119036985,0.1360526947,0.5520436067],[0.2985573456,0.1358607371,0.5655819173],[0.3072072466,0.1465162478,0.5462765056],[0.321495272,0.1436356793,0.5348690487]]],[[[0.165164504,0.834835496],[0.3105406198,0.6894593802]]]],[[{"_ArrayType_": "double","_ArraySize_": [4,2,2],"_ArrayData_": [0.01920715375,0.0207544933,0.02073764535,0.01941867112,0.02021644319,0.02032500731,0.02005340482,0.0203336695,0.1127660708,0.1113987203,0.1063597601,0.1066548735,0.0999907665,0.1044950902,0.1004590755,0.09682915467]}],[[[0.3190513144,0.1413657329,0.5395829527],[0.3063144763,0.1365576809,0.5571278428],[0.3067407327,0.1438748016,0.5493844657],[0.3132896102,0.138353805,0.5483565848]]],[[[0.1824021774,0.8175978226],[0.2917662212,0.7082337788]]]],[[{"_ArrayType_": "double","_ArraySize_": [4,2,2],"_ArrayData_": [0.01922367396,0.02077251267,0.02075477488,0.01943449429,0.02023390447,0.02034064451,0.02007084783,0.02035047147,0.1086616502,0.1091906519,0.1065233152,0.1088726132,0.09834484875,0.1046400007,0.1023106658,0.1002749301]}],[[[0.3224866789,0.1446842767,0.5328290444],[0.3092943867,0.1378670827,0.5528385306],[0.3063957475,0.1428599716,0.5507442809],[0.3088955219,0.1350393844,0.5560650937]]],[[[0.1926286282,0.8073713718],[0.2804631063,0.7195368937]]]],[[{"_ArrayType_": "double","_ArraySize_": [4,2,2],"_ArrayData_": [0.01923129682,0.0207808284,0.02076268102,0.01944179445,0.02024196028,0.02034786048,0.02007889545,0.02035822452,0.1063682775,0.1077288216,0.1064166986,0.1101993745,0.0974567909,0.104601442,0.1033843517,0.1026007019]}],[[[0.3246835848,0.1465613174,0.5287550977],[0.311060486,0.1387758834,0.5501636306],[0.3062481494,0.1423914646,0.551360386],[0.3060866252,0.1329590704,0.5609543044]]],[[[0.1993256963,0.8006743037],[0.2734224886,0.7265775114]]]]]}
{"KL": 0.2499663229,"sampleKL": 0.1404137321,"targetDistribution": {"_ArrayType_": "double","_ArraySize_": [2,3,2],"_ArrayData_": [0.1234677182,0.04558625187,0.05865894535,0.3019575812,0.02414991761,0.08600935565,0.1059935716,0.04346426419,0.02402728214,0.09324171779,0.01411173267,0.07933166175]},"targetParameters": [{"_ArrayType_": "double","_ArraySize_": [4,2,2],"_ArrayData_": [0.03292319459,0.003818535033,0.02183149338,0.001518162656,0.03814005386,0.2104328317,0.02090328218,0.02084161416,0.004006529784,1.447632539e-08,0.2104328317,1.447632539e-08,0.2104328317,0.009096605296,0.00518917324,0.2104328317]},[[0.3751172017,0.3676480455,0.2572347528],[0.9465715077,0.01662839172,0.03680010054],[6.731636217e-08,0.9785337319,0.0214662008],[3.439654539e-08,0.4999999828,0.4999999828]],[[0.9999981517,1.84825065e-06],[0.50353549,0.49646451]]],"predictiveDist": {"_ArrayType_": "double","_ArraySize_": [2,3,2],"_ArrayData_": [0.03359900949,0.1223142421,0.05206633571,0.1907828117,0.02166701336,0.07873104868,0.03371706084,0.1227214835,0.0522498409,0.1914145078,0.02174299803,0.07899364784]},"parameterEstimates": [[{"_ArrayType_": "double","_ArraySize_": [4,2,2],"_ArrayData_": [0.02511331734,0.02772697531,0.02776239525,0.02616618817,0.02640888646,0.02789576376,0.02657572478,0.02739300726,0.1094557419,0.09294048945,0.09610859754,0.0954629728,0.1044998808,0.09517295937,0.09832582524,0.09299127458]}],[[[0.2955063257,0.5235254289,0.1809682453],[0.3272377497,0.462038689,0.2107235613],[0.3117902226,0.480963456,0.2072463214],[0.3164158564,0.4762671492,0.2073169944]]],[[[0.5036747868,0.4963252132],[0.4946328133,0.5053671867]]]],"parameterKL": [3.683219454,0.05091186905,1.556208467,4.91379803,4.867931563,5.859004383,0.0001585183027],"samples": {"_ArrayType_": "double","_ArraySize_": [2,3,2],"_ArrayData_": [0,1,0,4,0,0,1,1,0,2,0,1]},"deltaKL": [[0.1941364772,0.1892757363,0.09031329023,0.06609886259,0.04706396936,3.975387582e-05,2.956866064e-06],[0.003660724135,0.0142135472,0.00296029255,0.0004202210515,0.0001033134296,2.277079178e-06,1.426889745e-06],[0.0007699493649,3.71711859e-05,5.909783588e-06,0.0001144296426,0.0002909187325,2.166787136e-06,2.774506619e-06],[7.631977613e-05,0.0001579132252,3.558681107e-05,1.656453119e-05,0.0001021539654,3.96545985e-06,4.865192348e-06],[5.868076742e-05,5.345841708e-05,1.18507382e-05,8.650532883e-06,5.510505077e-05,6.968842487e-06,8.597111401e-06]],"thetaHist": [[[{"_ArrayType_": "double","_ArraySize_": [4,2,2],"_ArrayData_": [0.0602268056,0.06264613149,0.06359007418,0.0614812495,0.06181313108,0.06407800959,0.06141461248,0.06285583351,0.06446927532,0.06199806386,0.06216635311,0.06290603742,0.06084027028,0.06412869748,0.06434523217,0.06104022293]}],[[[0.3356772228,0.3375485921,0.3267741851],[0.3314922475,0.3268343443,0.3416734082],[0.3259437832,0.3321356674,0.3419205494],[0.3276993132,0.3297372828,0.342563404]]],[[[0.5027505352,0.4972494648],[0.5015040474,0.4984959526]]]],[[{"_ArrayType_": "double","_ArraySize_": [4,2,2],"_ArrayData_": [0.02562363538,0.02752313268,0.02769843288,0.02600646957,0.02689503342,0.02761765633,0.0264712561,0.02717640817,0.1036893834,0.09503729874,0.0974087633,0.09730924227,0.0991433339,0.09749199011,0.09986408631,0.0950438774]}],[[[0.2376371158,0.6239496784,0.1384132058],[0.3103095371,0.5053669456,0.1843235173],[0.3233960027,0.4767329608,0.1998710365],[0.3374270255,0.4450010505,0.2175719241]]],[[[0.4982921895,0.5017078105],[0.5002881405,0.4997118595]]]],[[{"_ArrayType_": "double","_ArraySize_": [4,2,2],"_ArrayData_": [0.02426981141,0.0276706083,0.02825276641,0.02678387378,0.02545768214,0.02773524501,0.02693426294,0.02793677485,0.1185159453,0.09616843785,0.09158050051,0.08686470142,0.1140340115,0.09882332106,0.09417599738,0.08479606016]}],[[[0.2823395873,0.5411673018,0.1764931109],[0.3211594229,0.4701172465,0.2087233306],[0.3199359532,0.4684944638,0.2115695831],[0.3318916813,0.451908591,0.2161997277]]],[[[0.4993592109,0.5006407891],[0.499443484,0.500556516]]]],[[{"_ArrayType_": "double","_ArraySize_": [4,2,2],"_ArrayData_": [0.02493803757,0.02764819744,0.02791566361,0.02641428984,0.02616836487,0.02773594341,0.02665267496,0.02758182388,0.1124530997,0.09441734767,0.09443162494,0.09201722978,0.1078798562,0.09694318743,0.09694717381,0.08985548487]}],[[[0.2860933788,0.5375107048,0.1763959164],[0.3226706063,0.4686278184,0.2087015753],[0.3150649402,0.4760330338,0.208902026],[0.324556147,0.46392998,0.211513873]]],[[[0.5004000728,0.4995999272],[0.4982656713,0.5017343287]]]],[[{"_ArrayType_": "double","_ArraySize_": [4,2,2],"_ArrayData_": [0.02502614149,0.02769975146,0.02783487475,0.0262902315,0.02628436711,0.02782359186,0.02660612404,0.0274829602,0.1108937998,0.09354226794,0.09531553849,0.09384543085,0.1061529635,0.09593851458,0.09770774233,0.09155570011]}],[[[0.2920939526,0.528678659,0.1792273883],[0.3255520124,0.4644464681,0.2100015194],[0.3131069524,0.4788876913,0.2080053563],[0.3198140302,0.4710355482,0.2091504215]]],[[[0.5018081618,0.4981918382],[0.4967060175,0.5032939825]]]],[[{"_ArrayType_": "double","_ArraySize_": [4,2,2],"_ArrayData_": [0.02511331734,0.02772697531,0.02776239525,0.02616618817,0.02640888646,0.02789576376,0.02657572478,0.02739300726,0.1094557419,0.09294048945,0.09610859754,0.0954629728,0.1044998808,0.09517295937,0.09832582524,0.09299127458]}],[[[0.2955063257,0.5235254289,0.1809682453],[0.3272377497,0.462038689,0.2107235613],[0.3117902226,0.480963456,0.2072463214],[0.3164158564,0.4762671492,0.2073169944]]],[[[0.5036747868,0.4963252132],[0.4946328133,0.5053671867]]]]]}
